7
7
71
2
17
4
[1, 1, 1, 2, 2, 3, 3, 3, 4, 4,
4, 4, 4, 3, 3, 3, 3]
[[1], [3], [7], [5, 1], [3, 2], [3, 2, 6], [6, 0, 6], [5, 1, 6], [5, 1, 4, 1], [6, 0, 4, 1],
[5, 2, 3, 1], [3, 4, 3, 1], [5, 3, 1, 2], [5, 3, 1], [3, 2, 2], [7, 0, 2], [5, 1, 2]]
[1, 2, 3, 3, 3, 5, 5, 5, 5, 5,
5, 5, 5, 4, 4, 4, 4]
[0, 1, 1, 1, 1, 1, 1, 1, 1, 1,
1, 1, 1, 1, 1, 1, 1]
[64, 64, 64, 64, 64, 64, 64, 64, 64, 64,
64, 64, 64, 64, 64, 64, 64, 64, 64, 64,
64, 64, 64, 64, 64, 64, 64, 64, 64, 64,
64, 64, 64, 64, 64, 64, 64, 64, 64, 64,
64, 64, 64, 64, 64, 64, 64, 64, 64, 64,
64, 64, 64, 64, 64, 64, 64, 64, 64, 64,
64, 64, 64, 64, 0, 0, 0, 0, 0, 0,
0]
64
64
elapsed: [1.154]
0 0 0 0
0 0 1 0
0 0 2 10
0 0 3 0
0 0 4 0
0 0 5 0
0 0 6 0
0 0 7 0
0 0 8 0
0 0 9 0
0 0 10 0
0 0 11 0
0 0 12 0
0 0 13 0
0 0 14 0
0 0 15 0
0 0 16 0
0 1 0 0
0 1 1 0
0 1 2 10
0 1 3 0
0 1 4 0
0 1 5 0
0 1 6 0
0 1 7 0
0 1 8 0
0 1 9 0
0 1 10 0
0 1 11 0
0 1 12 0
0 1 13 0
0 1 14 0
0 1 15 0
0 1 16 0
0 2 0 2
0 2 1 0
0 2 2 9
0 2 3 0
0 2 4 0
0 2 5 0
0 2 6 0
0 2 7 0
0 2 8 0
0 2 9 0
0 2 10 0
0 2 11 0
0 2 12 0
0 2 13 0
0 2 14 0
0 2 15 0
0 2 16 0
0 3 0 2
0 3 1 0
0 3 2 9
0 3 3 0
0 3 4 0
0 3 5 0
0 3 6 0
0 3 7 0
0 3 8 0
0 3 9 0
0 3 10 0
0 3 11 0
0 3 12 0
0 3 13 0
0 3 14 0
0 3 15 0
0 3 16 0
0 4 0 2
0 4 1 0
0 4 2 9
0 4 3 0
0 4 4 0
0 4 5 0
0 4 6 0
0 4 7 0
0 4 8 0
0 4 9 0
0 4 10 0
0 4 11 0
0 4 12 0
0 4 13 0
0 4 14 0
0 4 15 0
0 4 16 0
0 5 0 2
0 5 1 0
0 5 2 9
0 5 3 0
0 5 4 0
0 5 5 0
0 5 6 0
0 5 7 0
0 5 8 0
0 5 9 0
0 5 10 0
0 5 11 0
0 5 12 0
0 5 13 0
0 5 14 0
0 5 15 0
0 5 16 0
0 6 0 1
0 6 1 0
0 6 2 9
0 6 3 0
0 6 4 0
0 6 5 0
0 6 6 0
0 6 7 0
0 6 8 0
0 6 9 0
0 6 10 0
0 6 11 0
0 6 12 0
0 6 13 0
0 6 14 0
0 6 15 0
0 6 16 0
0 7 0 1
0 7 1 0
0 7 2 9
0 7 3 0
0 7 4 0
0 7 5 0
0 7 6 0
0 7 7 0
0 7 8 0
0 7 9 0
0 7 10 0
0 7 11 0
0 7 12 0
0 7 13 0
0 7 14 0
0 7 15 0
0 7 16 0
0 8 0 2
0 8 1 0
0 8 2 9
0 8 3 0
0 8 4 0
0 8 5 0
0 8 6 0
0 8 7 0
0 8 8 0
0 8 9 0
0 8 10 0
0 8 11 0
0 8 12 0
0 8 13 0
0 8 14 0
0 8 15 0
0 8 16 0
0 9 0 0
0 9 1 0
0 9 2 0
0 9 3 0
0 9 4 0
0 9 5 0
0 9 6 0
0 9 7 0
0 9 8 0
0 9 9 0
0 9 10 0
0 9 11 0
0 9 12 0
0 9 13 0
0 9 14 0
0 9 15 0
0 9 16 13
0 10 0 0
0 10 1 0
0 10 2 8
0 10 3 0
0 10 4 0
0 10 5 0
0 10 6 0
0 10 7 0
0 10 8 0
0 10 9 0
0 10 10 0
0 10 11 0
0 10 12 0
0 10 13 0
0 10 14 0
0 10 15 0
0 10 16 0
0 11 0 0
0 11 1 0
0 11 2 0
0 11 3 0
0 11 4 0
0 11 5 0
0 11 6 0
0 11 7 8
0 11 8 0
0 11 9 0
0 11 10 0
0 11 11 0
0 11 12 0
0 11 13 0
0 11 14 0
0 11 15 0
0 11 16 0
0 12 0 0
0 12 1 0
0 12 2 8
0 12 3 0
0 12 4 0
0 12 5 0
0 12 6 0
0 12 7 0
0 12 8 0
0 12 9 0
0 12 10 0
0 12 11 0
0 12 12 0
0 12 13 0
0 12 14 0
0 12 15 0
0 12 16 0
0 13 0 0
0 13 1 0
0 13 2 1
0 13 3 0
0 13 4 0
0 13 5 0
0 13 6 0
0 13 7 0
0 13 8 0
0 13 9 0
0 13 10 0
0 13 11 0
0 13 12 0
0 13 13 0
0 13 14 0
0 13 15 2
0 13 16 0
0 14 0 1
0 14 1 0
0 14 2 9
0 14 3 0
0 14 4 0
0 14 5 0
0 14 6 0
0 14 7 0
0 14 8 0
0 14 9 0
0 14 10 0
0 14 11 0
0 14 12 0
0 14 13 0
0 14 14 0
0 14 15 0
0 14 16 0
0 15 0 0
0 15 1 0
0 15 2 0
0 15 3 0
0 15 4 0
0 15 5 0
0 15 6 10
0 15 7 0
0 15 8 0
0 15 9 0
0 15 10 0
0 15 11 0
0 15 12 0
0 15 13 0
0 15 14 0
0 15 15 0
0 15 16 0
0 16 0 2
0 16 1 0
0 16 2 9
0 16 3 0
0 16 4 0
0 16 5 0
0 16 6 0
0 16 7 0
0 16 8 0
0 16 9 0
0 16 10 0
0 16 11 0
0 16 12 0
0 16 13 0
0 16 14 0
0 16 15 0
0 16 16 0
0 17 0 0
0 17 1 0
0 17 2 1
0 17 3 0
0 17 4 0
0 17 5 0
0 17 6 0
0 17 7 0
0 17 8 0
0 17 9 0
0 17 10 0
0 17 11 0
0 17 12 0
0 17 13 0
0 17 14 0
0 17 15 0
0 17 16 0
0 18 0 2
0 18 1 0
0 18 2 9
0 18 3 0
0 18 4 0
0 18 5 0
0 18 6 0
0 18 7 0
0 18 8 0
0 18 9 0
0 18 10 0
0 18 11 0
0 18 12 0
0 18 13 0
0 18 14 0
0 18 15 0
0 18 16 0
0 19 0 2
0 19 1 0
0 19 2 9
0 19 3 0
0 19 4 0
0 19 5 0
0 19 6 0
0 19 7 0
0 19 8 0
0 19 9 0
0 19 10 0
0 19 11 0
0 19 12 0
0 19 13 0
0 19 14 0
0 19 15 0
0 19 16 0
0 20 0 0
0 20 1 0
0 20 2 7
0 20 3 0
0 20 4 0
0 20 5 5
0 20 6 0
0 20 7 0
0 20 8 0
0 20 9 0
0 20 10 0
0 20 11 0
0 20 12 0
0 20 13 0
0 20 14 0
0 20 15 0
0 20 16 0
0 21 0 0
0 21 1 0
0 21 2 0
0 21 3 0
0 21 4 0
0 21 5 0
0 21 6 0
0 21 7 0
0 21 8 0
0 21 9 0
0 21 10 0
0 21 11 0
0 21 12 0
0 21 13 12
0 21 14 0
0 21 15 0
0 21 16 0
0 22 0 0
0 22 1 0
0 22 2 0
0 22 3 0
0 22 4 0
0 22 5 0
0 22 6 0
0 22 7 0
0 22 8 0
0 22 9 0
0 22 10 0
0 22 11 0
0 22 12 0
0 22 13 0
0 22 14 0
0 22 15 0
0 22 16 0
0 23 0 0
0 23 1 0
0 23 2 8
0 23 3 0
0 23 4 0
0 23 5 0
0 23 6 0
0 23 7 0
0 23 8 0
0 23 9 0
0 23 10 0
0 23 11 0
0 23 12 0
0 23 13 0
0 23 14 0
0 23 15 0
0 23 16 0
0 24 0 1
0 24 1 0
0 24 2 9
0 24 3 0
0 24 4 0
0 24 5 0
0 24 6 0
0 24 7 0
0 24 8 0
0 24 9 0
0 24 10 0
0 24 11 0
0 24 12 0
0 24 13 0
0 24 14 0
0 24 15 0
0 24 16 0
0 25 0 2
0 25 1 0
0 25 2 9
0 25 3 0
0 25 4 0
0 25 5 0
0 25 6 0
0 25 7 0
0 25 8 0
0 25 9 0
0 25 10 0
0 25 11 0
0 25 12 0
0 25 13 0
0 25 14 0
0 25 15 0
0 25 16 0
0 26 0 2
0 26 1 0
0 26 2 9
0 26 3 0
0 26 4 0
0 26 5 0
0 26 6 0
0 26 7 0
0 26 8 0
0 26 9 0
0 26 10 0
0 26 11 0
0 26 12 0
0 26 13 0
0 26 14 0
0 26 15 0
0 26 16 0
0 27 0 1
0 27 1 0
0 27 2 9
0 27 3 0
0 27 4 0
0 27 5 0
0 27 6 0
0 27 7 0
0 27 8 0
0 27 9 0
0 27 10 0
0 27 11 0
0 27 12 0
0 27 13 0
0 27 14 0
0 27 15 0
0 27 16 0
0 28 0 2
0 28 1 0
0 28 2 9
0 28 3 0
0 28 4 0
0 28 5 0
0 28 6 0
0 28 7 0
0 28 8 0
0 28 9 0
0 28 10 0
0 28 11 0
0 28 12 0
0 28 13 0
0 28 14 0
0 28 15 0
0 28 16 0
0 29 0 2
0 29 1 0
0 29 2 9
0 29 3 0
0 29 4 0
0 29 5 0
0 29 6 0
0 29 7 0
0 29 8 0
0 29 9 0
0 29 10 0
0 29 11 0
0 29 12 0
0 29 13 0
0 29 14 0
0 29 15 0
0 29 16 0
0 30 0 1
0 30 1 0
0 30 2 9
0 30 3 0
0 30 4 0
0 30 5 0
0 30 6 0
0 30 7 0
0 30 8 0
0 30 9 0
0 30 10 0
0 30 11 0
0 30 12 0
0 30 13 0
0 30 14 0
0 30 15 0
0 30 16 0
0 31 0 1
0 31 1 0
0 31 2 9
0 31 3 0
0 31 4 0
0 31 5 0
0 31 6 0
0 31 7 0
0 31 8 0
0 31 9 0
0 31 10 0
0 31 11 0
0 31 12 0
0 31 13 0
0 31 14 0
0 31 15 0
0 31 16 0
0 32 0 1
0 32 1 0
0 32 2 9
0 32 3 0
0 32 4 0
0 32 5 0
0 32 6 0
0 32 7 0
0 32 8 0
0 32 9 0
0 32 10 0
0 32 11 0
0 32 12 0
0 32 13 0
0 32 14 0
0 32 15 0
0 32 16 0
0 33 0 1
0 33 1 0
0 33 2 9
0 33 3 0
0 33 4 0
0 33 5 0
0 33 6 0
0 33 7 0
0 33 8 0
0 33 9 0
0 33 10 0
0 33 11 0
0 33 12 0
0 33 13 0
0 33 14 0
0 33 15 0
0 33 16 0
0 34 0 1
0 34 1 0
0 34 2 9
0 34 3 0
0 34 4 0
0 34 5 0
0 34 6 0
0 34 7 0
0 34 8 0
0 34 9 0
0 34 10 0
0 34 11 0
0 34 12 0
0 34 13 0
0 34 14 0
0 34 15 0
0 34 16 0
0 35 0 1
0 35 1 0
0 35 2 9
0 35 3 0
0 35 4 0
0 35 5 0
0 35 6 0
0 35 7 0
0 35 8 0
0 35 9 0
0 35 10 0
0 35 11 0
0 35 12 0
0 35 13 0
0 35 14 0
0 35 15 0
0 35 16 0
0 36 0 2
0 36 1 0
0 36 2 9
0 36 3 0
0 36 4 0
0 36 5 0
0 36 6 0
0 36 7 0
0 36 8 0
0 36 9 0
0 36 10 0
0 36 11 0
0 36 12 0
0 36 13 0
0 36 14 0
0 36 15 0
0 36 16 0
0 37 0 2
0 37 1 0
0 37 2 9
0 37 3 0
0 37 4 0
0 37 5 0
0 37 6 0
0 37 7 0
0 37 8 0
0 37 9 0
0 37 10 0
0 37 11 0
0 37 12 0
0 37 13 0
0 37 14 0
0 37 15 0
0 37 16 0
0 38 0 0
0 38 1 0
0 38 2 0
0 38 3 0
0 38 4 0
0 38 5 0
0 38 6 0
0 38 7 0
0 38 8 0
0 38 9 0
0 38 10 0
0 38 11 0
0 38 12 0
0 38 13 13
0 38 14 0
0 38 15 0
0 38 16 0
0 39 0 2
0 39 1 0
0 39 2 0
0 39 3 0
0 39 4 0
0 39 5 0
0 39 6 4
0 39 7 0
0 39 8 0
0 39 9 0
0 39 10 0
0 39 11 0
0 39 12 0
0 39 13 0
0 39 14 0
0 39 15 0
0 39 16 0
0 40 0 0
0 40 1 0
0 40 2 8
0 40 3 0
0 40 4 0
0 40 5 0
0 40 6 0
0 40 7 0
0 40 8 0
0 40 9 0
0 40 10 0
0 40 11 0
0 40 12 0
0 40 13 0
0 40 14 0
0 40 15 0
0 40 16 0
0 41 0 0
0 41 1 2
0 41 2 5
0 41 3 0
0 41 4 0
0 41 5 0
0 41 6 0
0 41 7 0
0 41 8 0
0 41 9 0
0 41 10 0
0 41 11 0
0 41 12 0
0 41 13 0
0 41 14 0
0 41 15 0
0 41 16 0
0 42 0 0
0 42 1 0
0 42 2 0
0 42 3 0
0 42 4 0
0 42 5 0
0 42 6 0
0 42 7 0
0 42 8 0
0 42 9 0
0 42 10 13
0 42 11 0
0 42 12 0
0 42 13 0
0 42 14 0
0 42 15 0
0 42 16 0
0 43 0 0
0 43 1 1
0 43 2 0
0 43 3 0
0 43 4 0
0 43 5 0
0 43 6 0
0 43 7 0
0 43 8 0
0 43 9 0
0 43 10 0
0 43 11 0
0 43 12 0
0 43 13 0
0 43 14 0
0 43 15 5
0 43 16 0
0 44 0 0
0 44 1 0
0 44 2 4
0 44 3 0
0 44 4 0
0 44 5 0
0 44 6 0
0 44 7 0
0 44 8 0
0 44 9 0
0 44 10 0
0 44 11 0
0 44 12 0
0 44 13 0
0 44 14 0
0 44 15 0
0 44 16 0
0 45 0 6
0 45 1 0
0 45 2 5
0 45 3 0
0 45 4 0
0 45 5 0
0 45 6 0
0 45 7 0
0 45 8 0
0 45 9 0
0 45 10 0
0 45 11 0
0 45 12 0
0 45 13 0
0 45 14 0
0 45 15 0
0 45 16 0
0 46 0 1
0 46 1 0
0 46 2 9
0 46 3 0
0 46 4 0
0 46 5 0
0 46 6 0
0 46 7 0
0 46 8 0
0 46 9 0
0 46 10 0
0 46 11 0
0 46 12 0
0 46 13 0
0 46 14 0
0 46 15 0
0 46 16 0
0 47 0 1
0 47 1 0
0 47 2 9
0 47 3 0
0 47 4 0
0 47 5 0
0 47 6 0
0 47 7 0
0 47 8 0
0 47 9 0
0 47 10 0
0 47 11 0
0 47 12 0
0 47 13 0
0 47 14 0
0 47 15 0
0 47 16 0
0 48 0 2
0 48 1 0
0 48 2 9
0 48 3 0
0 48 4 0
0 48 5 0
0 48 6 0
0 48 7 0
0 48 8 0
0 48 9 0
0 48 10 0
0 48 11 0
0 48 12 0
0 48 13 0
0 48 14 0
0 48 15 0
0 48 16 0
0 49 0 2
0 49 1 0
0 49 2 9
0 49 3 0
0 49 4 0
0 49 5 0
0 49 6 0
0 49 7 0
0 49 8 0
0 49 9 0
0 49 10 0
0 49 11 0
0 49 12 0
0 49 13 0
0 49 14 0
0 49 15 0
0 49 16 0
0 50 0 2
0 50 1 0
0 50 2 0
0 50 3 0
0 50 4 0
0 50 5 0
0 50 6 0
0 50 7 0
0 50 8 0
0 50 9 0
0 50 10 0
0 50 11 0
0 50 12 0
0 50 13 0
0 50 14 0
0 50 15 9
0 50 16 0
0 51 0 1
0 51 1 0
0 51 2 9
0 51 3 0
0 51 4 0
0 51 5 0
0 51 6 0
0 51 7 0
0 51 8 0
0 51 9 0
0 51 10 0
0 51 11 0
0 51 12 0
0 51 13 0
0 51 14 0
0 51 15 0
0 51 16 0
0 52 0 1
0 52 1 0
0 52 2 0
0 52 3 0
0 52 4 0
0 52 5 0
0 52 6 0
0 52 7 9
0 52 8 0
0 52 9 0
0 52 10 0
0 52 11 0
0 52 12 0
0 52 13 0
0 52 14 0
0 52 15 0
0 52 16 0
0 53 0 0
0 53 1 0
0 53 2 8
0 53 3 0
0 53 4 0
0 53 5 0
0 53 6 0
0 53 7 0
0 53 8 0
0 53 9 0
0 53 10 0
0 53 11 0
0 53 12 0
0 53 13 0
0 53 14 0
0 53 15 0
0 53 16 0
0 54 0 0
0 54 1 0
0 54 2 0
0 54 3 0
0 54 4 0
0 54 5 0
0 54 6 0
0 54 7 0
0 54 8 0
0 54 9 0
0 54 10 0
0 54 11 0
0 54 12 2
0 54 13 0
0 54 14 0
0 54 15 0
0 54 16 0
0 55 0 0
0 55 1 0
0 55 2 9
0 55 3 0
0 55 4 0
0 55 5 0
0 55 6 0
0 55 7 0
0 55 8 0
0 55 9 0
0 55 10 0
0 55 11 0
0 55 12 0
0 55 13 0
0 55 14 0
0 55 15 0
0 55 16 0
0 56 0 6
0 56 1 0
0 56 2 8
0 56 3 0
0 56 4 0
0 56 5 0
0 56 6 0
0 56 7 0
0 56 8 0
0 56 9 0
0 56 10 0
0 56 11 0
0 56 12 0
0 56 13 0
0 56 14 0
0 56 15 0
0 56 16 0
0 57 0 1
0 57 1 0
0 57 2 9
0 57 3 0
0 57 4 0
0 57 5 0
0 57 6 0
0 57 7 0
0 57 8 0
0 57 9 0
0 57 10 0
0 57 11 0
0 57 12 0
0 57 13 0
0 57 14 0
0 57 15 0
0 57 16 0
0 58 0 1
0 58 1 0
0 58 2 9
0 58 3 0
0 58 4 0
0 58 5 0
0 58 6 0
0 58 7 0
0 58 8 0
0 58 9 0
0 58 10 0
0 58 11 0
0 58 12 0
0 58 13 0
0 58 14 0
0 58 15 0
0 58 16 0
0 59 0 2
0 59 1 0
0 59 2 9
0 59 3 0
0 59 4 0
0 59 5 0
0 59 6 0
0 59 7 0
0 59 8 0
0 59 9 0
0 59 10 0
0 59 11 0
0 59 12 0
0 59 13 0
0 59 14 0
0 59 15 0
0 59 16 0
0 60 0 2
0 60 1 0
0 60 2 9
0 60 3 0
0 60 4 0
0 60 5 0
0 60 6 0
0 60 7 0
0 60 8 0
0 60 9 0
0 60 10 0
0 60 11 0
0 60 12 0
0 60 13 0
0 60 14 0
0 60 15 0
0 60 16 0
0 61 0 2
0 61 1 0
0 61 2 9
0 61 3 0
0 61 4 0
0 61 5 0
0 61 6 0
0 61 7 0
0 61 8 0
0 61 9 0
0 61 10 0
0 61 11 0
0 61 12 0
0 61 13 0
0 61 14 0
0 61 15 0
0 61 16 0
0 62 0 0
0 62 1 0
0 62 2 10
0 62 3 0
0 62 4 0
0 62 5 0
0 62 6 0
0 62 7 0
0 62 8 0
0 62 9 0
0 62 10 0
0 62 11 0
0 62 12 0
0 62 13 0
0 62 14 0
0 62 15 0
0 62 16 0
0 63 0 0
0 63 1 0
0 63 2 10
0 63 3 0
0 63 4 0
0 63 5 0
0 63 6 0
0 63 7 0
0 63 8 0
0 63 9 0
0 63 10 0
0 63 11 0
0 63 12 0
0 63 13 0
0 63 14 0
0 63 15 0
0 63 16 0
0 64 0 0
0 64 1 0
0 64 2 0
0 64 3 0
0 64 4 0
0 64 5 0
0 64 6 0
0 64 7 0
0 64 8 0
0 64 9 0
0 64 10 0
0 64 11 0
0 64 12 0
0 64 13 0
0 64 14 0
0 64 15 0
0 64 16 0
0 65 0 0
0 65 1 0
0 65 2 0
0 65 3 0
0 65 4 0
0 65 5 0
0 65 6 0
0 65 7 0
0 65 8 0
0 65 9 0
0 65 10 0
0 65 11 0
0 65 12 0
0 65 13 0
0 65 14 0
0 65 15 0
0 65 16 0
0 66 0 0
0 66 1 0
0 66 2 0
0 66 3 0
0 66 4 0
0 66 5 0
0 66 6 0
0 66 7 0
0 66 8 0
0 66 9 0
0 66 10 0
0 66 11 0
0 66 12 0
0 66 13 0
0 66 14 0
0 66 15 0
0 66 16 0
0 67 0 0
0 67 1 0
0 67 2 0
0 67 3 0
0 67 4 0
0 67 5 0
0 67 6 0
0 67 7 0
0 67 8 0
0 67 9 0
0 67 10 0
0 67 11 0
0 67 12 0
0 67 13 0
0 67 14 0
0 67 15 0
0 67 16 0
0 68 0 0
0 68 1 0
0 68 2 0
0 68 3 0
0 68 4 0
0 68 5 0
0 68 6 0
0 68 7 0
0 68 8 0
0 68 9 0
0 68 10 0
0 68 11 0
0 68 12 0
0 68 13 0
0 68 14 0
0 68 15 0
0 68 16 0
0 69 0 0
0 69 1 0
0 69 2 0
0 69 3 0
0 69 4 0
0 69 5 0
0 69 6 0
0 69 7 0
0 69 8 0
0 69 9 0
0 69 10 0
0 69 11 0
0 69 12 0
0 69 13 0
0 69 14 0
0 69 15 0
0 69 16 0
0 70 0 0
0 70 1 0
0 70 2 0
0 70 3 0
0 70 4 0
0 70 5 0
0 70 6 0
0 70 7 0
0 70 8 0
0 70 9 0
0 70 10 0
0 70 11 0
0 70 12 0
0 70 13 0
0 70 14 0
0 70 15 0
0 70 16 0
1 0 0 0
1 0 1 0
1 0 2 0
1 0 3 0
1 0 4 0
1 0 5 0
1 0 6 2
1 0 7 0
1 0 8 0
1 0 9 0
1 0 10 0
1 0 11 0
1 0 12 0
1 0 13 0
1 0 14 0
1 0 15 0
1 0 16 0
1 1 0 0
1 1 1 0
1 1 2 0
1 1 3 0
1 1 4 0
1 1 5 0
1 1 6 0
1 1 7 0
1 1 8 0
1 1 9 2
1 1 10 0
1 1 11 4
1 1 12 0
1 1 13 0
1 1 14 0
1 1 15 0
1 1 16 0
1 2 0 0
1 2 1 0
1 2 2 1
1 2 3 0
1 2 4 0
1 2 5 0
1 2 6 0
1 2 7 0
1 2 8 0
1 2 9 0
1 2 10 0
1 2 11 0
1 2 12 0
1 2 13 0
1 2 14 0
1 2 15 0
1 2 16 0
1 3 0 0
1 3 1 0
1 3 2 0
1 3 3 0
1 3 4 0
1 3 5 0
1 3 6 2
1 3 7 0
1 3 8 0
1 3 9 0
1 3 10 0
1 3 11 0
1 3 12 0
1 3 13 0
1 3 14 0
1 3 15 0
1 3 16 0
1 4 0 0
1 4 1 0
1 4 2 0
1 4 3 0
1 4 4 0
1 4 5 0
1 4 6 3
1 4 7 0
1 4 8 0
1 4 9 0
1 4 10 0
1 4 11 2
1 4 12 0
1 4 13 0
1 4 14 0
1 4 15 0
1 4 16 0
1 5 0 0
1 5 1 0
1 5 2 0
1 5 3 0
1 5 4 0
1 5 5 0
1 5 6 0
1 5 7 0
1 5 8 0
1 5 9 0
1 5 10 2
1 5 11 0
1 5 12 0
1 5 13 0
1 5 14 0
1 5 15 0
1 5 16 0
1 6 0 0
1 6 1 0
1 6 2 0
1 6 3 0
1 6 4 0
1 6 5 0
1 6 6 0
1 6 7 0
1 6 8 0
1 6 9 0
1 6 10 0
1 6 11 0
1 6 12 0
1 6 13 0
1 6 14 0
1 6 15 0
1 6 16 0
1 7 0 0
1 7 1 0
1 7 2 0
1 7 3 0
1 7 4 0
1 7 5 0
1 7 6 0
1 7 7 0
1 7 8 4
1 7 9 0
1 7 10 0
1 7 11 0
1 7 12 0
1 7 13 0
1 7 14 0
1 7 15 0
1 7 16 0
1 8 0 0
1 8 1 0
1 8 2 0
1 8 3 0
1 8 4 0
1 8 5 0
1 8 6 0
1 8 7 0
1 8 8 5
1 8 9 0
1 8 10 0
1 8 11 0
1 8 12 0
1 8 13 0
1 8 14 0
1 8 15 0
1 8 16 0
1 9 0 0
1 9 1 0
1 9 2 2
1 9 3 0
1 9 4 0
1 9 5 0
1 9 6 0
1 9 7 0
1 9 8 0
1 9 9 0
1 9 10 0
1 9 11 0
1 9 12 0
1 9 13 0
1 9 14 0
1 9 15 0
1 9 16 0
1 10 0 0
1 10 1 0
1 10 2 0
1 10 3 0
1 10 4 0
1 10 5 0
1 10 6 0
1 10 7 0
1 10 8 0
1 10 9 0
1 10 10 2
1 10 11 0
1 10 12 0
1 10 13 0
1 10 14 0
1 10 15 0
1 10 16 0
1 11 0 0
1 11 1 0
1 11 2 0
1 11 3 0
1 11 4 0
1 11 5 0
1 11 6 0
1 11 7 0
1 11 8 0
1 11 9 0
1 11 10 0
1 11 11 0
1 11 12 0
1 11 13 0
1 11 14 0
1 11 15 0
1 11 16 4
1 12 0 27
1 12 1 0
1 12 2 0
1 12 3 0
1 12 4 0
1 12 5 0
1 12 6 0
1 12 7 0
1 12 8 0
1 12 9 0
1 12 10 0
1 12 11 0
1 12 12 0
1 12 13 0
1 12 14 0
1 12 15 0
1 12 16 0
1 13 0 0
1 13 1 0
1 13 2 0
1 13 3 0
1 13 4 0
1 13 5 0
1 13 6 2
1 13 7 0
1 13 8 0
1 13 9 0
1 13 10 0
1 13 11 0
1 13 12 0
1 13 13 0
1 13 14 0
1 13 15 0
1 13 16 0
1 14 0 1
1 14 1 0
1 14 2 4
1 14 3 0
1 14 4 0
1 14 5 0
1 14 6 0
1 14 7 0
1 14 8 0
1 14 9 0
1 14 10 0
1 14 11 0
1 14 12 0
1 14 13 0
1 14 14 0
1 14 15 0
1 14 16 0
1 15 0 0
1 15 1 0
1 15 2 0
1 15 3 0
1 15 4 0
1 15 5 0
1 15 6 0
1 15 7 3
1 15 8 0
1 15 9 0
1 15 10 0
1 15 11 0
1 15 12 1
1 15 13 0
1 15 14 0
1 15 15 0
1 15 16 0
1 16 0 0
1 16 1 0
1 16 2 0
1 16 3 0
1 16 4 0
1 16 5 0
1 16 6 3
1 16 7 2
1 16 8 0
1 16 9 0
1 16 10 0
1 16 11 0
1 16 12 0
1 16 13 0
1 16 14 0
1 16 15 0
1 16 16 0
1 17 0 0
1 17 1 0
1 17 2 0
1 17 3 0
1 17 4 0
1 17 5 0
1 17 6 0
1 17 7 0
1 17 8 0
1 17 9 0
1 17 10 0
1 17 11 0
1 17 12 0
1 17 13 0
1 17 14 0
1 17 15 0
1 17 16 0
1 18 0 0
1 18 1 0
1 18 2 0
1 18 3 0
1 18 4 0
1 18 5 0
1 18 6 0
1 18 7 0
1 18 8 0
1 18 9 0
1 18 10 0
1 18 11 0
1 18 12 0
1 18 13 0
1 18 14 0
1 18 15 0
1 18 16 0
1 19 0 0
1 19 1 0
1 19 2 5
1 19 3 0
1 19 4 0
1 19 5 0
1 19 6 0
1 19 7 0
1 19 8 0
1 19 9 0
1 19 10 0
1 19 11 0
1 19 12 0
1 19 13 0
1 19 14 0
1 19 15 0
1 19 16 0
1 20 0 0
1 20 1 0
1 20 2 0
1 20 3 0
1 20 4 0
1 20 5 0
1 20 6 0
1 20 7 0
1 20 8 0
1 20 9 0
1 20 10 6
1 20 11 0
1 20 12 0
1 20 13 0
1 20 14 0
1 20 15 0
1 20 16 0
1 21 0 0
1 21 1 0
1 21 2 0
1 21 3 0
1 21 4 0
1 21 5 0
1 21 6 0
1 21 7 0
1 21 8 0
1 21 9 0
1 21 10 0
1 21 11 0
1 21 12 0
1 21 13 0
1 21 14 0
1 21 15 3
1 21 16 0
1 22 0 0
1 22 1 0
1 22 2 0
1 22 3 0
1 22 4 0
1 22 5 0
1 22 6 1
1 22 7 0
1 22 8 0
1 22 9 0
1 22 10 0
1 22 11 0
1 22 12 0
1 22 13 0
1 22 14 0
1 22 15 0
1 22 16 0
1 23 0 2
1 23 1 0
1 23 2 0
1 23 3 0
1 23 4 0
1 23 5 0
1 23 6 2
1 23 7 0
1 23 8 0
1 23 9 0
1 23 10 0
1 23 11 0
1 23 12 0
1 23 13 0
1 23 14 0
1 23 15 0
1 23 16 0
1 24 0 21
1 24 1 0
1 24 2 0
1 24 3 0
1 24 4 0
1 24 5 0
1 24 6 0
1 24 7 0
1 24 8 0
1 24 9 0
1 24 10 0
1 24 11 3
1 24 12 0
1 24 13 0
1 24 14 0
1 24 15 0
1 24 16 0
1 25 0 0
1 25 1 0
1 25 2 1
1 25 3 0
1 25 4 0
1 25 5 0
1 25 6 0
1 25 7 0
1 25 8 0
1 25 9 0
1 25 10 0
1 25 11 0
1 25 12 0
1 25 13 0
1 25 14 0
1 25 15 0
1 25 16 0
1 26 0 0
1 26 1 0
1 26 2 3
1 26 3 0
1 26 4 0
1 26 5 0
1 26 6 0
1 26 7 0
1 26 8 0
1 26 9 0
1 26 10 0
1 26 11 0
1 26 12 0
1 26 13 0
1 26 14 0
1 26 15 0
1 26 16 0
1 27 0 0
1 27 1 0
1 27 2 0
1 27 3 0
1 27 4 0
1 27 5 0
1 27 6 0
1 27 7 5
1 27 8 0
1 27 9 0
1 27 10 0
1 27 11 0
1 27 12 0
1 27 13 0
1 27 14 0
1 27 15 0
1 27 16 0
1 28 0 0
1 28 1 0
1 28 2 0
1 28 3 0
1 28 4 0
1 28 5 0
1 28 6 0
1 28 7 0
1 28 8 0
1 28 9 0
1 28 10 0
1 28 11 0
1 28 12 0
1 28 13 0
1 28 14 0
1 28 15 4
1 28 16 0
1 29 0 0
1 29 1 0
1 29 2 0
1 29 3 0
1 29 4 0
1 29 5 0
1 29 6 0
1 29 7 0
1 29 8 0
1 29 9 0
1 29 10 0
1 29 11 0
1 29 12 0
1 29 13 0
1 29 14 0
1 29 15 0
1 29 16 0
1 30 0 1
1 30 1 0
1 30 2 1
1 30 3 0
1 30 4 0
1 30 5 4
1 30 6 0
1 30 7 0
1 30 8 0
1 30 9 0
1 30 10 0
1 30 11 0
1 30 12 0
1 30 13 0
1 30 14 0
1 30 15 0
1 30 16 0
1 31 0 0
1 31 1 0
1 31 2 0
1 31 3 0
1 31 4 0
1 31 5 0
1 31 6 0
1 31 7 4
1 31 8 0
1 31 9 0
1 31 10 0
1 31 11 0
1 31 12 0
1 31 13 0
1 31 14 0
1 31 15 0
1 31 16 0
1 32 0 0
1 32 1 0
1 32 2 0
1 32 3 0
1 32 4 0
1 32 5 0
1 32 6 0
1 32 7 0
1 32 8 0
1 32 9 0
1 32 10 0
1 32 11 0
1 32 12 0
1 32 13 0
1 32 14 0
1 32 15 0
1 32 16 0
1 33 0 0
1 33 1 0
1 33 2 0
1 33 3 0
1 33 4 0
1 33 5 0
1 33 6 0
1 33 7 0
1 33 8 1
1 33 9 0
1 33 10 0
1 33 11 0
1 33 12 0
1 33 13 0
1 33 14 0
1 33 15 0
1 33 16 0
1 34 0 0
1 34 1 0
1 34 2 0
1 34 3 0
1 34 4 0
1 34 5 0
1 34 6 0
1 34 7 0
1 34 8 0
1 34 9 0
1 34 10 0
1 34 11 0
1 34 12 0
1 34 13 0
1 34 14 0
1 34 15 4
1 34 16 0
1 35 0 0
1 35 1 0
1 35 2 0
1 35 3 0
1 35 4 0
1 35 5 0
1 35 6 0
1 35 7 0
1 35 8 0
1 35 9 4
1 35 10 0
1 35 11 0
1 35 12 0
1 35 13 0
1 35 14 0
1 35 15 0
1 35 16 0
1 36 0 0
1 36 1 0
1 36 2 0
1 36 3 0
1 36 4 0
1 36 5 0
1 36 6 0
1 36 7 0
1 36 8 0
1 36 9 0
1 36 10 0
1 36 11 0
1 36 12 0
1 36 13 0
1 36 14 0
1 36 15 3
1 36 16 0
1 37 0 0
1 37 1 0
1 37 2 2
1 37 3 0
1 37 4 0
1 37 5 0
1 37 6 0
1 37 7 0
1 37 8 0
1 37 9 0
1 37 10 0
1 37 11 0
1 37 12 0
1 37 13 0
1 37 14 0
1 37 15 0
1 37 16 0
1 38 0 0
1 38 1 0
1 38 2 0
1 38 3 0
1 38 4 0
1 38 5 0
1 38 6 4
1 38 7 0
1 38 8 0
1 38 9 0
1 38 10 0
1 38 11 0
1 38 12 0
1 38 13 0
1 38 14 0
1 38 15 0
1 38 16 0
1 39 0 0
1 39 1 0
1 39 2 0
1 39 3 6
1 39 4 0
1 39 5 0
1 39 6 0
1 39 7 0
1 39 8 0
1 39 9 0
1 39 10 0
1 39 11 0
1 39 12 0
1 39 13 0
1 39 14 0
1 39 15 0
1 39 16 0
1 40 0 0
1 40 1 0
1 40 2 0
1 40 3 0
1 40 4 0
1 40 5 0
1 40 6 0
1 40 7 0
1 40 8 0
1 40 9 0
1 40 10 0
1 40 11 0
1 40 12 0
1 40 13 0
1 40 14 0
1 40 15 0
1 40 16 0
1 41 0 0
1 41 1 0
1 41 2 0
1 41 3 0
1 41 4 0
1 41 5 0
1 41 6 0
1 41 7 0
1 41 8 0
1 41 9 0
1 41 10 0
1 41 11 0
1 41 12 0
1 41 13 0
1 41 14 0
1 41 15 5
1 41 16 0
1 42 0 0
1 42 1 0
1 42 2 0
1 42 3 7
1 42 4 0
1 42 5 0
1 42 6 0
1 42 7 0
1 42 8 0
1 42 9 0
1 42 10 0
1 42 11 0
1 42 12 0
1 42 13 0
1 42 14 0
1 42 15 0
1 42 16 0
1 43 0 0
1 43 1 0
1 43 2 0
1 43 3 0
1 43 4 0
1 43 5 0
1 43 6 0
1 43 7 0
1 43 8 0
1 43 9 3
1 43 10 0
1 43 11 0
1 43 12 0
1 43 13 0
1 43 14 0
1 43 15 0
1 43 16 0
1 44 0 0
1 44 1 0
1 44 2 0
1 44 3 0
1 44 4 0
1 44 5 0
1 44 6 0
1 44 7 0
1 44 8 0
1 44 9 0
1 44 10 0
1 44 11 0
1 44 12 5
1 44 13 0
1 44 14 0
1 44 15 0
1 44 16 0
1 45 0 0
1 45 1 0
1 45 2 1
1 45 3 0
1 45 4 0
1 45 5 0
1 45 6 0
1 45 7 0
1 45 8 0
1 45 9 0
1 45 10 0
1 45 11 0
1 45 12 0
1 45 13 0
1 45 14 0
1 45 15 0
1 45 16 0
1 46 0 2
1 46 1 0
1 46 2 4
1 46 3 0
1 46 4 0
1 46 5 0
1 46 6 0
1 46 7 0
1 46 8 0
1 46 9 0
1 46 10 0
1 46 11 0
1 46 12 0
1 46 13 0
1 46 14 0
1 46 15 0
1 46 16 0
1 47 0 0
1 47 1 0
1 47 2 0
1 47 3 0
1 47 4 0
1 47 5 0
1 47 6 3
1 47 7 0
1 47 8 0
1 47 9 0
1 47 10 0
1 47 11 0
1 47 12 0
1 47 13 0
1 47 14 0
1 47 15 0
1 47 16 0
1 48 0 0
1 48 1 0
1 48 2 0
1 48 3 0
1 48 4 0
1 48 5 0
1 48 6 5
1 48 7 0
1 48 8 0
1 48 9 0
1 48 10 0
1 48 11 0
1 48 12 0
1 48 13 0
1 48 14 0
1 48 15 0
1 48 16 0
1 49 0 0
1 49 1 0
1 49 2 0
1 49 3 0
1 49 4 0
1 49 5 0
1 49 6 0
1 49 7 3
1 49 8 0
1 49 9 0
1 49 10 0
1 49 11 0
1 49 12 0
1 49 13 0
1 49 14 0
1 49 15 0
1 49 16 0
1 50 0 0
1 50 1 0
1 50 2 0
1 50 3 0
1 50 4 0
1 50 5 0
1 50 6 0
1 50 7 0
1 50 8 0
1 50 9 0
1 50 10 0
1 50 11 0
1 50 12 0
1 50 13 0
1 50 14 0
1 50 15 0
1 50 16 0
1 51 0 0
1 51 1 0
1 51 2 0
1 51 3 0
1 51 4 0
1 51 5 0
1 51 6 0
1 51 7 2
1 51 8 0
1 51 9 0
1 51 10 0
1 51 11 0
1 51 12 0
1 51 13 0
1 51 14 0
1 51 15 0
1 51 16 0
1 52 0 2
1 52 1 0
1 52 2 0
1 52 3 0
1 52 4 0
1 52 5 0
1 52 6 0
1 52 7 0
1 52 8 0
1 52 9 0
1 52 10 0
1 52 11 0
1 52 12 0
1 52 13 5
1 52 14 0
1 52 15 0
1 52 16 0
1 53 0 0
1 53 1 0
1 53 2 0
1 53 3 0
1 53 4 0
1 53 5 0
1 53 6 0
1 53 7 0
1 53 8 0
1 53 9 0
1 53 10 0
1 53 11 3
1 53 12 0
1 53 13 0
1 53 14 0
1 53 15 0
1 53 16 0
1 54 0 2
1 54 1 0
1 54 2 0
1 54 3 0
1 54 4 0
1 54 5 0
1 54 6 0
1 54 7 0
1 54 8 0
1 54 9 0
1 54 10 0
1 54 11 0
1 54 12 0
1 54 13 0
1 54 14 0
1 54 15 0
1 54 16 0
1 55 0 0
1 55 1 0
1 55 2 1
1 55 3 0
1 55 4 0
1 55 5 0
1 55 6 0
1 55 7 0
1 55 8 3
1 55 9 0
1 55 10 0
1 55 11 0
1 55 12 0
1 55 13 0
1 55 14 0
1 55 15 0
1 55 16 0
1 56 0 1
1 56 1 0
1 56 2 0
1 56 3 0
1 56 4 0
1 56 5 0
1 56 6 0
1 56 7 3
1 56 8 0
1 56 9 0
1 56 10 0
1 56 11 4
1 56 12 0
1 56 13 0
1 56 14 0
1 56 15 0
1 56 16 0
1 57 0 0
1 57 1 0
1 57 2 0
1 57 3 0
1 57 4 0
1 57 5 0
1 57 6 0
1 57 7 0
1 57 8 0
1 57 9 0
1 57 10 0
1 57 11 0
1 57 12 0
1 57 13 0
1 57 14 0
1 57 15 0
1 57 16 0
1 58 0 0
1 58 1 0
1 58 2 0
1 58 3 0
1 58 4 0
1 58 5 0
1 58 6 0
1 58 7 0
1 58 8 0
1 58 9 0
1 58 10 0
1 58 11 0
1 58 12 0
1 58 13 0
1 58 14 0
1 58 15 0
1 58 16 0
1 59 0 0
1 59 1 0
1 59 2 0
1 59 3 0
1 59 4 0
1 59 5 0
1 59 6 0
1 59 7 0
1 59 8 0
1 59 9 0
1 59 10 0
1 59 11 0
1 59 12 0
1 59 13 4
1 59 14 0
1 59 15 1
1 59 16 0
1 60 0 0
1 60 1 0
1 60 2 0
1 60 3 0
1 60 4 0
1 60 5 0
1 60 6 0
1 60 7 4
1 60 8 0
1 60 9 0
1 60 10 0
1 60 11 0
1 60 12 0
1 60 13 0
1 60 14 0
1 60 15 0
1 60 16 0
1 61 0 0
1 61 1 0
1 61 2 0
1 61 3 0
1 61 4 0
1 61 5 0
1 61 6 0
1 61 7 5
1 61 8 0
1 61 9 0
1 61 10 0
1 61 11 0
1 61 12 0
1 61 13 0
1 61 14 0
1 61 15 0
1 61 16 0
1 62 0 0
1 62 1 0
1 62 2 0
1 62 3 0
1 62 4 0
1 62 5 0
1 62 6 0
1 62 7 0
1 62 8 0
1 62 9 0
1 62 10 0
1 62 11 0
1 62 12 0
1 62 13 0
1 62 14 0
1 62 15 0
1 62 16 0
1 63 0 0
1 63 1 0
1 63 2 0
1 63 3 0
1 63 4 0
1 63 5 0
1 63 6 0
1 63 7 0
1 63 8 0
1 63 9 0
1 63 10 0
1 63 11 0
1 63 12 0
1 63 13 0
1 63 14 0
1 63 15 0
1 63 16 0
1 64 0 0
1 64 1 7
1 64 2 0
1 64 3 0
1 64 4 0
1 64 5 0
1 64 6 0
1 64 7 0
1 64 8 0
1 64 9 0
1 64 10 0
1 64 11 0
1 64 12 0
1 64 13 0
1 64 14 0
1 64 15 0
1 64 16 0
1 65 0 10
1 65 1 0
1 65 2 0
1 65 3 0
1 65 4 0
1 65 5 0
1 65 6 0
1 65 7 0
1 65 8 0
1 65 9 0
1 65 10 0
1 65 11 0
1 65 12 0
1 65 13 0
1 65 14 0
1 65 15 0
1 65 16 0
1 66 0 0
1 66 1 0
1 66 2 0
1 66 3 0
1 66 4 0
1 66 5 0
1 66 6 0
1 66 7 0
1 66 8 0
1 66 9 0
1 66 10 0
1 66 11 0
1 66 12 0
1 66 13 0
1 66 14 0
1 66 15 0
1 66 16 0
1 67 0 0
1 67 1 0
1 67 2 0
1 67 3 0
1 67 4 0
1 67 5 0
1 67 6 0
1 67 7 0
1 67 8 0
1 67 9 0
1 67 10 0
1 67 11 0
1 67 12 0
1 67 13 0
1 67 14 0
1 67 15 0
1 67 16 0
1 68 0 0
1 68 1 0
1 68 2 0
1 68 3 0
1 68 4 0
1 68 5 0
1 68 6 0
1 68 7 0
1 68 8 0
1 68 9 0
1 68 10 0
1 68 11 0
1 68 12 0
1 68 13 0
1 68 14 0
1 68 15 0
1 68 16 0
1 69 0 0
1 69 1 0
1 69 2 0
1 69 3 0
1 69 4 0
1 69 5 0
1 69 6 0
1 69 7 0
1 69 8 0
1 69 9 0
1 69 10 0
1 69 11 0
1 69 12 0
1 69 13 0
1 69 14 0
1 69 15 0
1 69 16 0
1 70 0 0
1 70 1 0
1 70 2 0
1 70 3 0
1 70 4 0
1 70 5 0
1 70 6 0
1 70 7 0
1 70 8 0
1 70 9 0
1 70 10 0
1 70 11 0
1 70 12 0
1 70 13 0
1 70 14 0
1 70 15 0
1 70 16 0
2 0 0 0
2 0 1 0
2 0 2 1
2 0 3 0
2 0 4 0
2 0 5 0
2 0 6 0
2 0 7 0
2 0 8 0
2 0 9 0
2 0 10 0
2 0 11 0
2 0 12 0
2 0 13 0
2 0 14 0
2 0 15 0
2 0 16 0
2 1 0 0
2 1 1 0
2 1 2 0
2 1 3 0
2 1 4 0
2 1 5 0
2 1 6 2
2 1 7 0
2 1 8 0
2 1 9 0
2 1 10 0
2 1 11 0
2 1 12 0
2 1 13 0
2 1 14 0
2 1 15 0
2 1 16 0
2 2 0 0
2 2 1 0
2 2 2 0
2 2 3 0
2 2 4 0
2 2 5 0
2 2 6 0
2 2 7 0
2 2 8 2
2 2 9 0
2 2 10 0
2 2 11 0
2 2 12 0
2 2 13 0
2 2 14 0
2 2 15 0
2 2 16 0
2 3 0 0
2 3 1 0
2 3 2 0
2 3 3 0
2 3 4 0
2 3 5 0
2 3 6 0
2 3 7 0
2 3 8 0
2 3 9 0
2 3 10 0
2 3 11 0
2 3 12 0
2 3 13 0
2 3 14 0
2 3 15 0
2 3 16 0
2 4 0 0
2 4 1 0
2 4 2 0
2 4 3 1
2 4 4 0
2 4 5 0
2 4 6 0
2 4 7 1
2 4 8 0
2 4 9 0
2 4 10 0
2 4 11 0
2 4 12 0
2 4 13 0
2 4 14 0
2 4 15 0
2 4 16 0
2 5 0 0
2 5 1 0
2 5 2 0
2 5 3 0
2 5 4 0
2 5 5 0
2 5 6 0
2 5 7 3
2 5 8 0
2 5 9 0
2 5 10 0
2 5 11 0
2 5 12 0
2 5 13 0
2 5 14 0
2 5 15 0
2 5 16 0
2 6 0 0
2 6 1 0
2 6 2 0
2 6 3 0
2 6 4 0
2 6 5 0
2 6 6 0
2 6 7 0
2 6 8 0
2 6 9 0
2 6 10 0
2 6 11 0
2 6 12 0
2 6 13 0
2 6 14 0
2 6 15 0
2 6 16 0
2 7 0 0
2 7 1 0
2 7 2 0
2 7 3 0
2 7 4 0
2 7 5 0
2 7 6 0
2 7 7 0
2 7 8 0
2 7 9 0
2 7 10 0
2 7 11 0
2 7 12 0
2 7 13 0
2 7 14 0
2 7 15 0
2 7 16 0
2 8 0 1
2 8 1 0
2 8 2 0
2 8 3 1
2 8 4 0
2 8 5 0
2 8 6 0
2 8 7 0
2 8 8 2
2 8 9 0
2 8 10 0
2 8 11 0
2 8 12 0
2 8 13 0
2 8 14 0
2 8 15 0
2 8 16 0
2 9 0 0
2 9 1 0
2 9 2 0
2 9 3 0
2 9 4 0
2 9 5 0
2 9 6 0
2 9 7 0
2 9 8 0
2 9 9 0
2 9 10 0
2 9 11 0
2 9 12 2
2 9 13 0
2 9 14 0
2 9 15 0
2 9 16 0
2 10 0 0
2 10 1 0
2 10 2 0
2 10 3 0
2 10 4 0
2 10 5 0
2 10 6 0
2 10 7 0
2 10 8 0
2 10 9 0
2 10 10 0
2 10 11 0
2 10 12 0
2 10 13 0
2 10 14 0
2 10 15 0
2 10 16 0
2 11 0 0
2 11 1 0
2 11 2 0
2 11 3 0
2 11 4 14
2 11 5 0
2 11 6 0
2 11 7 0
2 11 8 0
2 11 9 0
2 11 10 0
2 11 11 0
2 11 12 0
2 11 13 0
2 11 14 0
2 11 15 0
2 11 16 0
2 12 0 0
2 12 1 0
2 12 2 0
2 12 3 0
2 12 4 0
2 12 5 0
2 12 6 0
2 12 7 0
2 12 8 0
2 12 9 0
2 12 10 0
2 12 11 2
2 12 12 0
2 12 13 0
2 12 14 0
2 12 15 0
2 12 16 0
2 13 0 0
2 13 1 0
2 13 2 0
2 13 3 0
2 13 4 0
2 13 5 0
2 13 6 0
2 13 7 0
2 13 8 0
2 13 9 0
2 13 10 0
2 13 11 0
2 13 12 0
2 13 13 0
2 13 14 0
2 13 15 0
2 13 16 0
2 14 0 1
2 14 1 0
2 14 2 0
2 14 3 0
2 14 4 0
2 14 5 0
2 14 6 1
2 14 7 0
2 14 8 0
2 14 9 0
2 14 10 0
2 14 11 0
2 14 12 0
2 14 13 0
2 14 14 0
2 14 15 0
2 14 16 0
2 15 0 1
2 15 1 0
2 15 2 1
2 15 3 0
2 15 4 0
2 15 5 0
2 15 6 0
2 15 7 0
2 15 8 0
2 15 9 0
2 15 10 0
2 15 11 0
2 15 12 0
2 15 13 0
2 15 14 0
2 15 15 0
2 15 16 0
2 16 0 0
2 16 1 0
2 16 2 0
2 16 3 0
2 16 4 0
2 16 5 0
2 16 6 2
2 16 7 0
2 16 8 0
2 16 9 0
2 16 10 0
2 16 11 0
2 16 12 0
2 16 13 0
2 16 14 0
2 16 15 0
2 16 16 0
2 17 0 1
2 17 1 0
2 17 2 0
2 17 3 0
2 17 4 0
2 17 5 0
2 17 6 0
2 17 7 2
2 17 8 0
2 17 9 0
2 17 10 0
2 17 11 0
2 17 12 0
2 17 13 0
2 17 14 0
2 17 15 0
2 17 16 0
2 18 0 0
2 18 1 0
2 18 2 0
2 18 3 0
2 18 4 0
2 18 5 0
2 18 6 0
2 18 7 0
2 18 8 0
2 18 9 0
2 18 10 0
2 18 11 0
2 18 12 0
2 18 13 0
2 18 14 0
2 18 15 0
2 18 16 0
2 19 0 0
2 19 1 0
2 19 2 0
2 19 3 0
2 19 4 0
2 19 5 0
2 19 6 0
2 19 7 1
2 19 8 0
2 19 9 0
2 19 10 0
2 19 11 0
2 19 12 0
2 19 13 0
2 19 14 0
2 19 15 0
2 19 16 0
2 20 0 1
2 20 1 0
2 20 2 2
2 20 3 0
2 20 4 0
2 20 5 0
2 20 6 0
2 20 7 0
2 20 8 0
2 20 9 0
2 20 10 0
2 20 11 0
2 20 12 0
2 20 13 0
2 20 14 0
2 20 15 0
2 20 16 0
2 21 0 0
2 21 1 0
2 21 2 0
2 21 3 0
2 21 4 0
2 21 5 0
2 21 6 2
2 21 7 0
2 21 8 0
2 21 9 0
2 21 10 0
2 21 11 0
2 21 12 0
2 21 13 0
2 21 14 0
2 21 15 0
2 21 16 0
2 22 0 0
2 22 1 0
2 22 2 0
2 22 3 0
2 22 4 0
2 22 5 0
2 22 6 0
2 22 7 0
2 22 8 3
2 22 9 0
2 22 10 0
2 22 11 0
2 22 12 0
2 22 13 0
2 22 14 0
2 22 15 0
2 22 16 0
2 23 0 0
2 23 1 0
2 23 2 0
2 23 3 0
2 23 4 0
2 23 5 0
2 23 6 0
2 23 7 0
2 23 8 0
2 23 9 0
2 23 10 0
2 23 11 0
2 23 12 0
2 23 13 0
2 23 14 0
2 23 15 0
2 23 16 0
2 24 0 0
2 24 1 0
2 24 2 0
2 24 3 5
2 24 4 0
2 24 5 0
2 24 6 0
2 24 7 0
2 24 8 0
2 24 9 0
2 24 10 0
2 24 11 0
2 24 12 0
2 24 13 0
2 24 14 0
2 24 15 0
2 24 16 0
2 25 0 0
2 25 1 0
2 25 2 0
2 25 3 0
2 25 4 0
2 25 5 0
2 25 6 0
2 25 7 0
2 25 8 0
2 25 9 0
2 25 10 0
2 25 11 0
2 25 12 0
2 25 13 0
2 25 14 0
2 25 15 0
2 25 16 0
2 26 0 0
2 26 1 0
2 26 2 0
2 26 3 0
2 26 4 0
2 26 5 0
2 26 6 0
2 26 7 0
2 26 8 0
2 26 9 0
2 26 10 0
2 26 11 0
2 26 12 0
2 26 13 0
2 26 14 0
2 26 15 2
2 26 16 0
2 27 0 0
2 27 1 0
2 27 2 0
2 27 3 0
2 27 4 0
2 27 5 0
2 27 6 0
2 27 7 0
2 27 8 0
2 27 9 0
2 27 10 0
2 27 11 0
2 27 12 3
2 27 13 0
2 27 14 0
2 27 15 0
2 27 16 0
2 28 0 0
2 28 1 0
2 28 2 1
2 28 3 0
2 28 4 0
2 28 5 0
2 28 6 0
2 28 7 0
2 28 8 0
2 28 9 0
2 28 10 0
2 28 11 0
2 28 12 0
2 28 13 0
2 28 14 0
2 28 15 0
2 28 16 0
2 29 0 0
2 29 1 1
2 29 2 0
2 29 3 0
2 29 4 0
2 29 5 1
2 29 6 0
2 29 7 0
2 29 8 0
2 29 9 0
2 29 10 0
2 29 11 0
2 29 12 0
2 29 13 0
2 29 14 0
2 29 15 0
2 29 16 0
2 30 0 0
2 30 1 0
2 30 2 1
2 30 3 0
2 30 4 0
2 30 5 0
2 30 6 0
2 30 7 0
2 30 8 0
2 30 9 0
2 30 10 1
2 30 11 0
2 30 12 0
2 30 13 0
2 30 14 0
2 30 15 0
2 30 16 0
2 31 0 1
2 31 1 0
2 31 2 0
2 31 3 0
2 31 4 0
2 31 5 0
2 31 6 0
2 31 7 0
2 31 8 0
2 31 9 0
2 31 10 0
2 31 11 0
2 31 12 0
2 31 13 2
2 31 14 0
2 31 15 0
2 31 16 0
2 32 0 0
2 32 1 0
2 32 2 0
2 32 3 0
2 32 4 0
2 32 5 0
2 32 6 0
2 32 7 0
2 32 8 0
2 32 9 0
2 32 10 0
2 32 11 0
2 32 12 0
2 32 13 0
2 32 14 0
2 32 15 0
2 32 16 0
2 33 0 0
2 33 1 0
2 33 2 0
2 33 3 0
2 33 4 0
2 33 5 0
2 33 6 1
2 33 7 0
2 33 8 0
2 33 9 0
2 33 10 0
2 33 11 0
2 33 12 0
2 33 13 0
2 33 14 0
2 33 15 0
2 33 16 0
2 34 0 0
2 34 1 0
2 34 2 0
2 34 3 0
2 34 4 0
2 34 5 0
2 34 6 0
2 34 7 0
2 34 8 0
2 34 9 0
2 34 10 0
2 34 11 0
2 34 12 0
2 34 13 3
2 34 14 0
2 34 15 0
2 34 16 0
2 35 0 0
2 35 1 0
2 35 2 0
2 35 3 0
2 35 4 0
2 35 5 0
2 35 6 0
2 35 7 0
2 35 8 0
2 35 9 0
2 35 10 0
2 35 11 0
2 35 12 0
2 35 13 0
2 35 14 0
2 35 15 0
2 35 16 0
2 36 0 0
2 36 1 0
2 36 2 0
2 36 3 0
2 36 4 0
2 36 5 0
2 36 6 0
2 36 7 0
2 36 8 0
2 36 9 0
2 36 10 0
2 36 11 4
2 36 12 0
2 36 13 0
2 36 14 0
2 36 15 0
2 36 16 0
2 37 0 0
2 37 1 0
2 37 2 0
2 37 3 0
2 37 4 0
2 37 5 0
2 37 6 0
2 37 7 0
2 37 8 0
2 37 9 0
2 37 10 0
2 37 11 0
2 37 12 0
2 37 13 0
2 37 14 0
2 37 15 0
2 37 16 0
2 38 0 0
2 38 1 0
2 38 2 0
2 38 3 0
2 38 4 0
2 38 5 0
2 38 6 0
2 38 7 0
2 38 8 0
2 38 9 0
2 38 10 0
2 38 11 0
2 38 12 1
2 38 13 0
2 38 14 0
2 38 15 0
2 38 16 0
2 39 0 0
2 39 1 4
2 39 2 0
2 39 3 0
2 39 4 0
2 39 5 0
2 39 6 0
2 39 7 0
2 39 8 0
2 39 9 0
2 39 10 0
2 39 11 0
2 39 12 0
2 39 13 0
2 39 14 0
2 39 15 0
2 39 16 0
2 40 0 0
2 40 1 0
2 40 2 0
2 40 3 0
2 40 4 0
2 40 5 0
2 40 6 0
2 40 7 2
2 40 8 0
2 40 9 0
2 40 10 0
2 40 11 0
2 40 12 0
2 40 13 0
2 40 14 0
2 40 15 0
2 40 16 0
2 41 0 0
2 41 1 0
2 41 2 0
2 41 3 0
2 41 4 0
2 41 5 0
2 41 6 0
2 41 7 0
2 41 8 0
2 41 9 2
2 41 10 0
2 41 11 0
2 41 12 0
2 41 13 0
2 41 14 0
2 41 15 0
2 41 16 0
2 42 0 2
2 42 1 0
2 42 2 0
2 42 3 0
2 42 4 0
2 42 5 1
2 42 6 0
2 42 7 0
2 42 8 0
2 42 9 0
2 42 10 0
2 42 11 0
2 42 12 0
2 42 13 0
2 42 14 0
2 42 15 0
2 42 16 0
2 43 0 0
2 43 1 0
2 43 2 0
2 43 3 0
2 43 4 0
2 43 5 0
2 43 6 1
2 43 7 0
2 43 8 0
2 43 9 0
2 43 10 0
2 43 11 0
2 43 12 0
2 43 13 0
2 43 14 0
2 43 15 0
2 43 16 0
2 44 0 0
2 44 1 0
2 44 2 0
2 44 3 0
2 44 4 0
2 44 5 0
2 44 6 0
2 44 7 3
2 44 8 0
2 44 9 0
2 44 10 0
2 44 11 0
2 44 12 0
2 44 13 0
2 44 14 0
2 44 15 0
2 44 16 0
2 45 0 0
2 45 1 0
2 45 2 0
2 45 3 0
2 45 4 0
2 45 5 0
2 45 6 0
2 45 7 0
2 45 8 0
2 45 9 0
2 45 10 0
2 45 11 0
2 45 12 0
2 45 13 0
2 45 14 0
2 45 15 0
2 45 16 0
2 46 0 0
2 46 1 0
2 46 2 0
2 46 3 0
2 46 4 0
2 46 5 0
2 46 6 0
2 46 7 0
2 46 8 0
2 46 9 0
2 46 10 0
2 46 11 0
2 46 12 0
2 46 13 0
2 46 14 0
2 46 15 0
2 46 16 0
2 47 0 0
2 47 1 0
2 47 2 0
2 47 3 0
2 47 4 0
2 47 5 2
2 47 6 0
2 47 7 0
2 47 8 0
2 47 9 0
2 47 10 0
2 47 11 0
2 47 12 2
2 47 13 0
2 47 14 0
2 47 15 0
2 47 16 0
2 48 0 0
2 48 1 0
2 48 2 1
2 48 3 0
2 48 4 0
2 48 5 0
2 48 6 0
2 48 7 0
2 48 8 0
2 48 9 0
2 48 10 0
2 48 11 0
2 48 12 0
2 48 13 0
2 48 14 0
2 48 15 0
2 48 16 0
2 49 0 0
2 49 1 0
2 49 2 0
2 49 3 0
2 49 4 0
2 49 5 0
2 49 6 0
2 49 7 0
2 49 8 0
2 49 9 0
2 49 10 0
2 49 11 0
2 49 12 0
2 49 13 0
2 49 14 0
2 49 15 0
2 49 16 0
2 50 0 0
2 50 1 0
2 50 2 0
2 50 3 0
2 50 4 0
2 50 5 0
2 50 6 0
2 50 7 2
2 50 8 0
2 50 9 0
2 50 10 0
2 50 11 0
2 50 12 0
2 50 13 0
2 50 14 0
2 50 15 0
2 50 16 0
2 51 0 0
2 51 1 0
2 51 2 0
2 51 3 0
2 51 4 0
2 51 5 0
2 51 6 0
2 51 7 0
2 51 8 0
2 51 9 0
2 51 10 0
2 51 11 0
2 51 12 3
2 51 13 0
2 51 14 0
2 51 15 0
2 51 16 0
2 52 0 0
2 52 1 0
2 52 2 0
2 52 3 0
2 52 4 0
2 52 5 0
2 52 6 0
2 52 7 0
2 52 8 0
2 52 9 0
2 52 10 0
2 52 11 0
2 52 12 0
2 52 13 0
2 52 14 0
2 52 15 0
2 52 16 0
2 53 0 0
2 53 1 2
2 53 2 0
2 53 3 0
2 53 4 0
2 53 5 0
2 53 6 0
2 53 7 0
2 53 8 0
2 53 9 0
2 53 10 0
2 53 11 0
2 53 12 0
2 53 13 1
2 53 14 0
2 53 15 0
2 53 16 0
2 54 0 0
2 54 1 0
2 54 2 0
2 54 3 0
2 54 4 0
2 54 5 0
2 54 6 0
2 54 7 1
2 54 8 0
2 54 9 0
2 54 10 0
2 54 11 0
2 54 12 0
2 54 13 0
2 54 14 0
2 54 15 0
2 54 16 0
2 55 0 0
2 55 1 0
2 55 2 0
2 55 3 0
2 55 4 0
2 55 5 0
2 55 6 2
2 55 7 0
2 55 8 0
2 55 9 0
2 55 10 0
2 55 11 0
2 55 12 0
2 55 13 0
2 55 14 0
2 55 15 0
2 55 16 0
2 56 0 0
2 56 1 0
2 56 2 0
2 56 3 0
2 56 4 0
2 56 5 0
2 56 6 0
2 56 7 2
2 56 8 0
2 56 9 0
2 56 10 0
2 56 11 0
2 56 12 0
2 56 13 0
2 56 14 0
2 56 15 0
2 56 16 0
2 57 0 0
2 57 1 0
2 57 2 0
2 57 3 0
2 57 4 0
2 57 5 0
2 57 6 0
2 57 7 0
2 57 8 0
2 57 9 0
2 57 10 0
2 57 11 0
2 57 12 0
2 57 13 0
2 57 14 0
2 57 15 0
2 57 16 0
2 58 0 0
2 58 1 0
2 58 2 0
2 58 3 0
2 58 4 0
2 58 5 0
2 58 6 0
2 58 7 0
2 58 8 0
2 58 9 0
2 58 10 0
2 58 11 0
2 58 12 0
2 58 13 0
2 58 14 0
2 58 15 0
2 58 16 0
2 59 0 0
2 59 1 0
2 59 2 0
2 59 3 0
2 59 4 0
2 59 5 0
2 59 6 0
2 59 7 0
2 59 8 0
2 59 9 0
2 59 10 0
2 59 11 0
2 59 12 0
2 59 13 4
2 59 14 0
2 59 15 0
2 59 16 0
2 60 0 0
2 60 1 0
2 60 2 0
2 60 3 0
2 60 4 0
2 60 5 0
2 60 6 0
2 60 7 1
2 60 8 0
2 60 9 0
2 60 10 0
2 60 11 0
2 60 12 0
2 60 13 0
2 60 14 0
2 60 15 0
2 60 16 0
2 61 0 0
2 61 1 0
2 61 2 0
2 61 3 0
2 61 4 0
2 61 5 0
2 61 6 0
2 61 7 2
2 61 8 0
2 61 9 0
2 61 10 0
2 61 11 0
2 61 12 0
2 61 13 0
2 61 14 0
2 61 15 0
2 61 16 0
2 62 0 0
2 62 1 0
2 62 2 0
2 62 3 0
2 62 4 0
2 62 5 0
2 62 6 0
2 62 7 0
2 62 8 0
2 62 9 1
2 62 10 0
2 62 11 0
2 62 12 0
2 62 13 0
2 62 14 0
2 62 15 0
2 62 16 0
2 63 0 0
2 63 1 0
2 63 2 0
2 63 3 0
2 63 4 0
2 63 5 0
2 63 6 0
2 63 7 0
2 63 8 0
2 63 9 0
2 63 10 0
2 63 11 0
2 63 12 0
2 63 13 0
2 63 14 0
2 63 15 0
2 63 16 0
2 64 0 0
2 64 1 0
2 64 2 2
2 64 3 0
2 64 4 0
2 64 5 0
2 64 6 0
2 64 7 0
2 64 8 0
2 64 9 0
2 64 10 0
2 64 11 0
2 64 12 0
2 64 13 0
2 64 14 0
2 64 15 0
2 64 16 0
2 65 0 0
2 65 1 0
2 65 2 3
2 65 3 0
2 65 4 0
2 65 5 0
2 65 6 0
2 65 7 0
2 65 8 0
2 65 9 0
2 65 10 0
2 65 11 0
2 65 12 0
2 65 13 0
2 65 14 0
2 65 15 0
2 65 16 0
2 66 0 0
2 66 1 0
2 66 2 0
2 66 3 0
2 66 4 0
2 66 5 0
2 66 6 0
2 66 7 0
2 66 8 0
2 66 9 0
2 66 10 0
2 66 11 0
2 66 12 0
2 66 13 0
2 66 14 0
2 66 15 0
2 66 16 0
2 67 0 0
2 67 1 0
2 67 2 0
2 67 3 0
2 67 4 0
2 67 5 0
2 67 6 0
2 67 7 0
2 67 8 0
2 67 9 0
2 67 10 0
2 67 11 0
2 67 12 0
2 67 13 0
2 67 14 0
2 67 15 0
2 67 16 0
2 68 0 0
2 68 1 0
2 68 2 0
2 68 3 0
2 68 4 0
2 68 5 0
2 68 6 0
2 68 7 0
2 68 8 0
2 68 9 0
2 68 10 0
2 68 11 0
2 68 12 0
2 68 13 0
2 68 14 0
2 68 15 0
2 68 16 0
2 69 0 0
2 69 1 0
2 69 2 0
2 69 3 0
2 69 4 0
2 69 5 0
2 69 6 0
2 69 7 0
2 69 8 0
2 69 9 0
2 69 10 0
2 69 11 0
2 69 12 0
2 69 13 0
2 69 14 0
2 69 15 0
2 69 16 0
2 70 0 0
2 70 1 0
2 70 2 0
2 70 3 0
2 70 4 0
2 70 5 0
2 70 6 0
2 70 7 0
2 70 8 0
2 70 9 0
2 70 10 0
2 70 11 0
2 70 12 0
2 70 13 0
2 70 14 0
2 70 15 0
2 70 16 0
3 0 0 0
3 0 1 0
3 0 2 1
3 0 3 0
3 0 4 0
3 0 5 0
3 0 6 0
3 0 7 0
3 0 8 0
3 0 9 0
3 0 10 0
3 0 11 0
3 0 12 0
3 0 13 0
3 0 14 0
3 0 15 0
3 0 16 0
3 1 0 0
3 1 1 0
3 1 2 0
3 1 3 0
3 1 4 0
3 1 5 0
3 1 6 0
3 1 7 0
3 1 8 0
3 1 9 0
3 1 10 0
3 1 11 0
3 1 12 0
3 1 13 0
3 1 14 0
3 1 15 1
3 1 16 0
3 2 0 0
3 2 1 0
3 2 2 1
3 2 3 0
3 2 4 0
3 2 5 1
3 2 6 0
3 2 7 0
3 2 8 0
3 2 9 0
3 2 10 0
3 2 11 0
3 2 12 0
3 2 13 0
3 2 14 0
3 2 15 0
3 2 16 0
3 3 0 0
3 3 1 0
3 3 2 0
3 3 3 0
3 3 4 0
3 3 5 0
3 3 6 0
3 3 7 1
3 3 8 0
3 3 9 0
3 3 10 0
3 3 11 0
3 3 12 0
3 3 13 0
3 3 14 0
3 3 15 0
3 3 16 0
3 4 0 0
3 4 1 0
3 4 2 0
3 4 3 0
3 4 4 0
3 4 5 0
3 4 6 0
3 4 7 0
3 4 8 0
3 4 9 0
3 4 10 0
3 4 11 0
3 4 12 0
3 4 13 0
3 4 14 0
3 4 15 0
3 4 16 0
3 5 0 0
3 5 1 0
3 5 2 0
3 5 3 0
3 5 4 0
3 5 5 0
3 5 6 1
3 5 7 0
3 5 8 0
3 5 9 0
3 5 10 0
3 5 11 0
3 5 12 0
3 5 13 0
3 5 14 0
3 5 15 0
3 5 16 0
3 6 0 0
3 6 1 0
3 6 2 1
3 6 3 0
3 6 4 0
3 6 5 0
3 6 6 0
3 6 7 0
3 6 8 0
3 6 9 0
3 6 10 0
3 6 11 0
3 6 12 0
3 6 13 0
3 6 14 0
3 6 15 0
3 6 16 0
3 7 0 0
3 7 1 0
3 7 2 0
3 7 3 0
3 7 4 0
3 7 5 0
3 7 6 0
3 7 7 0
3 7 8 0
3 7 9 0
3 7 10 0
3 7 11 0
3 7 12 0
3 7 13 0
3 7 14 0
3 7 15 0
3 7 16 0
3 8 0 1
3 8 1 0
3 8 2 1
3 8 3 0
3 8 4 0
3 8 5 0
3 8 6 0
3 8 7 0
3 8 8 0
3 8 9 0
3 8 10 0
3 8 11 0
3 8 12 0
3 8 13 0
3 8 14 0
3 8 15 0
3 8 16 0
3 9 0 0
3 9 1 1
3 9 2 0
3 9 3 0
3 9 4 0
3 9 5 2
3 9 6 0
3 9 7 0
3 9 8 0
3 9 9 0
3 9 10 0
3 9 11 0
3 9 12 0
3 9 13 0
3 9 14 0
3 9 15 0
3 9 16 0
3 10 0 0
3 10 1 0
3 10 2 1
3 10 3 0
3 10 4 0
3 10 5 0
3 10 6 0
3 10 7 0
3 10 8 0
3 10 9 0
3 10 10 0
3 10 11 0
3 10 12 0
3 10 13 0
3 10 14 0
3 10 15 0
3 10 16 0
3 11 0 0
3 11 1 0
3 11 2 0
3 11 3 0
3 11 4 0
3 11 5 0
3 11 6 1
3 11 7 0
3 11 8 0
3 11 9 0
3 11 10 0
3 11 11 0
3 11 12 0
3 11 13 0
3 11 14 0
3 11 15 0
3 11 16 0
3 12 0 0
3 12 1 0
3 12 2 0
3 12 3 0
3 12 4 0
3 12 5 0
3 12 6 0
3 12 7 0
3 12 8 0
3 12 9 0
3 12 10 0
3 12 11 0
3 12 12 0
3 12 13 4
3 12 14 0
3 12 15 0
3 12 16 0
3 13 0 0
3 13 1 0
3 13 2 0
3 13 3 0
3 13 4 0
3 13 5 0
3 13 6 0
3 13 7 0
3 13 8 0
3 13 9 0
3 13 10 0
3 13 11 0
3 13 12 0
3 13 13 0
3 13 14 0
3 13 15 0
3 13 16 0
3 14 0 0
3 14 1 0
3 14 2 0
3 14 3 0
3 14 4 0
3 14 5 0
3 14 6 0
3 14 7 0
3 14 8 0
3 14 9 0
3 14 10 0
3 14 11 0
3 14 12 0
3 14 13 0
3 14 14 0
3 14 15 0
3 14 16 0
3 15 0 0
3 15 1 0
3 15 2 0
3 15 3 0
3 15 4 0
3 15 5 0
3 15 6 0
3 15 7 0
3 15 8 1
3 15 9 0
3 15 10 0
3 15 11 0
3 15 12 0
3 15 13 0
3 15 14 0
3 15 15 0
3 15 16 0
3 16 0 0
3 16 1 0
3 16 2 0
3 16 3 0
3 16 4 0
3 16 5 0
3 16 6 0
3 16 7 0
3 16 8 0
3 16 9 0
3 16 10 0
3 16 11 0
3 16 12 0
3 16 13 1
3 16 14 0
3 16 15 0
3 16 16 0
3 17 0 0
3 17 1 0
3 17 2 0
3 17 3 0
3 17 4 0
3 17 5 0
3 17 6 0
3 17 7 0
3 17 8 0
3 17 9 0
3 17 10 0
3 17 11 0
3 17 12 0
3 17 13 0
3 17 14 0
3 17 15 0
3 17 16 0
3 18 0 0
3 18 1 0
3 18 2 0
3 18 3 0
3 18 4 0
3 18 5 0
3 18 6 0
3 18 7 0
3 18 8 0
3 18 9 0
3 18 10 0
3 18 11 3
3 18 12 0
3 18 13 0
3 18 14 0
3 18 15 0
3 18 16 0
3 19 0 0
3 19 1 0
3 19 2 0
3 19 3 0
3 19 4 0
3 19 5 0
3 19 6 0
3 19 7 0
3 19 8 0
3 19 9 0
3 19 10 0
3 19 11 0
3 19 12 0
3 19 13 0
3 19 14 0
3 19 15 0
3 19 16 0
3 20 0 0
3 20 1 0
3 20 2 0
3 20 3 0
3 20 4 0
3 20 5 0
3 20 6 0
3 20 7 0
3 20 8 0
3 20 9 0
3 20 10 0
3 20 11 0
3 20 12 0
3 20 13 0
3 20 14 0
3 20 15 0
3 20 16 0
3 21 0 0
3 21 1 0
3 21 2 0
3 21 3 0
3 21 4 0
3 21 5 0
3 21 6 0
3 21 7 0
3 21 8 0
3 21 9 0
3 21 10 0
3 21 11 0
3 21 12 0
3 21 13 0
3 21 14 0
3 21 15 0
3 21 16 1
3 22 0 0
3 22 1 0
3 22 2 0
3 22 3 0
3 22 4 0
3 22 5 0
3 22 6 0
3 22 7 0
3 22 8 0
3 22 9 2
3 22 10 0
3 22 11 0
3 22 12 0
3 22 13 0
3 22 14 0
3 22 15 0
3 22 16 0
3 23 0 0
3 23 1 0
3 23 2 0
3 23 3 0
3 23 4 0
3 23 5 2
3 23 6 0
3 23 7 0
3 23 8 0
3 23 9 0
3 23 10 0
3 23 11 0
3 23 12 0
3 23 13 0
3 23 14 0
3 23 15 0
3 23 16 0
3 24 0 0
3 24 1 0
3 24 2 0
3 24 3 0
3 24 4 0
3 24 5 0
3 24 6 0
3 24 7 0
3 24 8 0
3 24 9 0
3 24 10 0
3 24 11 0
3 24 12 0
3 24 13 0
3 24 14 0
3 24 15 0
3 24 16 0
3 25 0 0
3 25 1 0
3 25 2 0
3 25 3 0
3 25 4 0
3 25 5 0
3 25 6 0
3 25 7 0
3 25 8 0
3 25 9 0
3 25 10 0
3 25 11 0
3 25 12 0
3 25 13 0
3 25 14 0
3 25 15 0
3 25 16 0
3 26 0 0
3 26 1 0
3 26 2 2
3 26 3 0
3 26 4 0
3 26 5 0
3 26 6 0
3 26 7 0
3 26 8 0
3 26 9 0
3 26 10 0
3 26 11 0
3 26 12 0
3 26 13 0
3 26 14 0
3 26 15 0
3 26 16 0
3 27 0 0
3 27 1 0
3 27 2 0
3 27 3 0
3 27 4 0
3 27 5 2
3 27 6 0
3 27 7 0
3 27 8 0
3 27 9 0
3 27 10 0
3 27 11 0
3 27 12 0
3 27 13 0
3 27 14 0
3 27 15 0
3 27 16 0
3 28 0 0
3 28 1 0
3 28 2 1
3 28 3 0
3 28 4 0
3 28 5 0
3 28 6 0
3 28 7 0
3 28 8 0
3 28 9 0
3 28 10 0
3 28 11 0
3 28 12 0
3 28 13 0
3 28 14 0
3 28 15 0
3 28 16 0
3 29 0 0
3 29 1 0
3 29 2 0
3 29 3 0
3 29 4 0
3 29 5 0
3 29 6 0
3 29 7 0
3 29 8 0
3 29 9 0
3 29 10 0
3 29 11 0
3 29 12 0
3 29 13 0
3 29 14 0
3 29 15 0
3 29 16 0
3 30 0 2
3 30 1 0
3 30 2 0
3 30 3 0
3 30 4 0
3 30 5 0
3 30 6 1
3 30 7 0
3 30 8 0
3 30 9 0
3 30 10 0
3 30 11 0
3 30 12 0
3 30 13 0
3 30 14 0
3 30 15 0
3 30 16 0
3 31 0 0
3 31 1 0
3 31 2 0
3 31 3 0
3 31 4 0
3 31 5 0
3 31 6 0
3 31 7 0
3 31 8 0
3 31 9 2
3 31 10 0
3 31 11 0
3 31 12 0
3 31 13 0
3 31 14 0
3 31 15 0
3 31 16 0
3 32 0 0
3 32 1 0
3 32 2 0
3 32 3 0
3 32 4 0
3 32 5 0
3 32 6 0
3 32 7 0
3 32 8 0
3 32 9 0
3 32 10 0
3 32 11 0
3 32 12 0
3 32 13 0
3 32 14 0
3 32 15 0
3 32 16 0
3 33 0 0
3 33 1 0
3 33 2 0
3 33 3 0
3 33 4 0
3 33 5 0
3 33 6 0
3 33 7 0
3 33 8 0
3 33 9 0
3 33 10 0
3 33 11 0
3 33 12 0
3 33 13 0
3 33 14 0
3 33 15 0
3 33 16 0
3 34 0 5
3 34 1 0
3 34 2 0
3 34 3 0
3 34 4 0
3 34 5 0
3 34 6 0
3 34 7 0
3 34 8 0
3 34 9 0
3 34 10 0
3 34 11 0
3 34 12 0
3 34 13 0
3 34 14 0
3 34 15 0
3 34 16 0
3 35 0 0
3 35 1 0
3 35 2 1
3 35 3 0
3 35 4 0
3 35 5 0
3 35 6 0
3 35 7 0
3 35 8 0
3 35 9 0
3 35 10 0
3 35 11 0
3 35 12 0
3 35 13 0
3 35 14 0
3 35 15 0
3 35 16 0
3 36 0 1
3 36 1 0
3 36 2 1
3 36 3 0
3 36 4 0
3 36 5 0
3 36 6 0
3 36 7 0
3 36 8 0
3 36 9 0
3 36 10 0
3 36 11 0
3 36 12 0
3 36 13 0
3 36 14 0
3 36 15 0
3 36 16 0
3 37 0 0
3 37 1 0
3 37 2 0
3 37 3 0
3 37 4 0
3 37 5 0
3 37 6 0
3 37 7 0
3 37 8 2
3 37 9 0
3 37 10 0
3 37 11 0
3 37 12 0
3 37 13 0
3 37 14 0
3 37 15 0
3 37 16 0
3 38 0 0
3 38 1 0
3 38 2 0
3 38 3 0
3 38 4 0
3 38 5 0
3 38 6 1
3 38 7 0
3 38 8 0
3 38 9 0
3 38 10 0
3 38 11 0
3 38 12 0
3 38 13 0
3 38 14 0
3 38 15 0
3 38 16 0
3 39 0 0
3 39 1 0
3 39 2 0
3 39 3 0
3 39 4 0
3 39 5 1
3 39 6 0
3 39 7 0
3 39 8 0
3 39 9 0
3 39 10 0
3 39 11 0
3 39 12 0
3 39 13 0
3 39 14 0
3 39 15 0
3 39 16 0
3 40 0 1
3 40 1 0
3 40 2 0
3 40 3 0
3 40 4 0
3 40 5 0
3 40 6 0
3 40 7 0
3 40 8 0
3 40 9 0
3 40 10 0
3 40 11 0
3 40 12 0
3 40 13 0
3 40 14 0
3 40 15 0
3 40 16 0
3 41 0 0
3 41 1 0
3 41 2 0
3 41 3 0
3 41 4 0
3 41 5 0
3 41 6 0
3 41 7 0
3 41 8 0
3 41 9 0
3 41 10 0
3 41 11 0
3 41 12 0
3 41 13 0
3 41 14 0
3 41 15 0
3 41 16 0
3 42 0 0
3 42 1 0
3 42 2 1
3 42 3 0
3 42 4 0
3 42 5 0
3 42 6 0
3 42 7 0
3 42 8 0
3 42 9 0
3 42 10 0
3 42 11 0
3 42 12 1
3 42 13 0
3 42 14 0
3 42 15 0
3 42 16 0
3 43 0 0
3 43 1 0
3 43 2 0
3 43 3 0
3 43 4 0
3 43 5 0
3 43 6 0
3 43 7 0
3 43 8 0
3 43 9 0
3 43 10 0
3 43 11 0
3 43 12 0
3 43 13 0
3 43 14 3
3 43 15 0
3 43 16 0
3 44 0 1
3 44 1 0
3 44 2 1
3 44 3 0
3 44 4 0
3 44 5 0
3 44 6 0
3 44 7 0
3 44 8 0
3 44 9 0
3 44 10 0
3 44 11 0
3 44 12 0
3 44 13 0
3 44 14 0
3 44 15 0
3 44 16 0
3 45 0 0
3 45 1 0
3 45 2 0
3 45 3 0
3 45 4 0
3 45 5 0
3 45 6 0
3 45 7 0
3 45 8 0
3 45 9 0
3 45 10 0
3 45 11 0
3 45 12 0
3 45 13 0
3 45 14 0
3 45 15 0
3 45 16 0
3 46 0 0
3 46 1 0
3 46 2 0
3 46 3 0
3 46 4 0
3 46 5 0
3 46 6 0
3 46 7 0
3 46 8 0
3 46 9 0
3 46 10 0
3 46 11 2
3 46 12 0
3 46 13 0
3 46 14 0
3 46 15 0
3 46 16 0
3 47 0 0
3 47 1 0
3 47 2 0
3 47 3 0
3 47 4 0
3 47 5 0
3 47 6 0
3 47 7 0
3 47 8 0
3 47 9 0
3 47 10 0
3 47 11 0
3 47 12 0
3 47 13 0
3 47 14 0
3 47 15 0
3 47 16 0
3 48 0 0
3 48 1 0
3 48 2 1
3 48 3 0
3 48 4 0
3 48 5 0
3 48 6 0
3 48 7 0
3 48 8 0
3 48 9 0
3 48 10 0
3 48 11 0
3 48 12 0
3 48 13 0
3 48 14 0
3 48 15 0
3 48 16 0
3 49 0 0
3 49 1 0
3 49 2 1
3 49 3 0
3 49 4 0
3 49 5 0
3 49 6 0
3 49 7 0
3 49 8 0
3 49 9 0
3 49 10 0
3 49 11 0
3 49 12 0
3 49 13 0
3 49 14 0
3 49 15 0
3 49 16 0
3 50 0 0
3 50 1 0
3 50 2 1
3 50 3 0
3 50 4 0
3 50 5 0
3 50 6 0
3 50 7 0
3 50 8 0
3 50 9 0
3 50 10 0
3 50 11 0
3 50 12 0
3 50 13 0
3 50 14 0
3 50 15 0
3 50 16 0
3 51 0 2
3 51 1 0
3 51 2 1
3 51 3 0
3 51 4 0
3 51 5 0
3 51 6 0
3 51 7 0
3 51 8 0
3 51 9 0
3 51 10 0
3 51 11 0
3 51 12 0
3 51 13 0
3 51 14 0
3 51 15 0
3 51 16 0
3 52 0 0
3 52 1 0
3 52 2 1
3 52 3 0
3 52 4 0
3 52 5 0
3 52 6 0
3 52 7 0
3 52 8 0
3 52 9 0
3 52 10 0
3 52 11 0
3 52 12 0
3 52 13 0
3 52 14 0
3 52 15 0
3 52 16 0
3 53 0 0
3 53 1 1
3 53 2 0
3 53 3 0
3 53 4 0
3 53 5 0
3 53 6 0
3 53 7 0
3 53 8 1
3 53 9 0
3 53 10 0
3 53 11 0
3 53 12 0
3 53 13 0
3 53 14 0
3 53 15 0
3 53 16 0
3 54 0 3
3 54 1 0
3 54 2 0
3 54 3 0
3 54 4 0
3 54 5 0
3 54 6 0
3 54 7 0
3 54 8 0
3 54 9 0
3 54 10 0
3 54 11 0
3 54 12 0
3 54 13 1
3 54 14 0
3 54 15 0
3 54 16 0
3 55 0 0
3 55 1 0
3 55 2 0
3 55 3 0
3 55 4 0
3 55 5 0
3 55 6 0
3 55 7 0
3 55 8 0
3 55 9 0
3 55 10 0
3 55 11 0
3 55 12 0
3 55 13 0
3 55 14 0
3 55 15 0
3 55 16 0
3 56 0 0
3 56 1 0
3 56 2 0
3 56 3 0
3 56 4 0
3 56 5 0
3 56 6 0
3 56 7 0
3 56 8 0
3 56 9 0
3 56 10 0
3 56 11 2
3 56 12 0
3 56 13 0
3 56 14 0
3 56 15 0
3 56 16 0
3 57 0 0
3 57 1 0
3 57 2 0
3 57 3 0
3 57 4 0
3 57 5 0
3 57 6 0
3 57 7 0
3 57 8 0
3 57 9 0
3 57 10 0
3 57 11 0
3 57 12 0
3 57 13 0
3 57 14 0
3 57 15 0
3 57 16 0
3 58 0 0
3 58 1 0
3 58 2 0
3 58 3 0
3 58 4 0
3 58 5 0
3 58 6 0
3 58 7 0
3 58 8 0
3 58 9 0
3 58 10 0
3 58 11 0
3 58 12 0
3 58 13 0
3 58 14 0
3 58 15 0
3 58 16 0
3 59 0 2
3 59 1 0
3 59 2 0
3 59 3 1
3 59 4 0
3 59 5 0
3 59 6 0
3 59 7 0
3 59 8 0
3 59 9 0
3 59 10 0
3 59 11 0
3 59 12 0
3 59 13 0
3 59 14 0
3 59 15 0
3 59 16 0
3 60 0 0
3 60 1 0
3 60 2 0
3 60 3 0
3 60 4 0
3 60 5 2
3 60 6 0
3 60 7 0
3 60 8 0
3 60 9 0
3 60 10 0
3 60 11 0
3 60 12 0
3 60 13 0
3 60 14 0
3 60 15 0
3 60 16 0
3 61 0 0
3 61 1 0
3 61 2 0
3 61 3 0
3 61 4 0
3 61 5 0
3 61 6 0
3 61 7 0
3 61 8 0
3 61 9 0
3 61 10 0
3 61 11 0
3 61 12 0
3 61 13 0
3 61 14 0
3 61 15 1
3 61 16 0
3 62 0 0
3 62 1 0
3 62 2 0
3 62 3 0
3 62 4 0
3 62 5 0
3 62 6 0
3 62 7 0
3 62 8 0
3 62 9 0
3 62 10 0
3 62 11 0
3 62 12 0
3 62 13 0
3 62 14 0
3 62 15 0
3 62 16 0
3 63 0 0
3 63 1 0
3 63 2 0
3 63 3 0
3 63 4 0
3 63 5 0
3 63 6 0
3 63 7 0
3 63 8 0
3 63 9 0
3 63 10 0
3 63 11 0
3 63 12 1
3 63 13 0
3 63 14 0
3 63 15 0
3 63 16 0
3 64 0 0
3 64 1 0
3 64 2 1
3 64 3 0
3 64 4 0
3 64 5 0
3 64 6 0
3 64 7 0
3 64 8 0
3 64 9 0
3 64 10 0
3 64 11 0
3 64 12 0
3 64 13 0
3 64 14 0
3 64 15 0
3 64 16 0
3 65 0 0
3 65 1 0
3 65 2 1
3 65 3 0
3 65 4 0
3 65 5 0
3 65 6 0
3 65 7 0
3 65 8 0
3 65 9 0
3 65 10 0
3 65 11 0
3 65 12 0
3 65 13 0
3 65 14 0
3 65 15 0
3 65 16 0
3 66 0 0
3 66 1 0
3 66 2 0
3 66 3 1
3 66 4 0
3 66 5 0
3 66 6 0
3 66 7 0
3 66 8 0
3 66 9 0
3 66 10 0
3 66 11 0
3 66 12 0
3 66 13 0
3 66 14 0
3 66 15 0
3 66 16 0
3 67 0 0
3 67 1 0
3 67 2 1
3 67 3 0
3 67 4 0
3 67 5 0
3 67 6 0
3 67 7 0
3 67 8 0
3 67 9 0
3 67 10 0
3 67 11 0
3 67 12 0
3 67 13 0
3 67 14 0
3 67 15 0
3 67 16 0
3 68 0 0
3 68 1 0
3 68 2 0
3 68 3 0
3 68 4 0
3 68 5 0
3 68 6 0
3 68 7 0
3 68 8 0
3 68 9 0
3 68 10 0
3 68 11 0
3 68 12 0
3 68 13 0
3 68 14 0
3 68 15 0
3 68 16 0
3 69 0 0
3 69 1 0
3 69 2 0
3 69 3 0
3 69 4 0
3 69 5 0
3 69 6 0
3 69 7 0
3 69 8 0
3 69 9 0
3 69 10 0
3 69 11 0
3 69 12 0
3 69 13 0
3 69 14 0
3 69 15 0
3 69 16 0
3 70 0 0
3 70 1 0
3 70 2 0
3 70 3 0
3 70 4 0
3 70 5 0
3 70 6 0
3 70 7 0
3 70 8 0
3 70 9 0
3 70 10 0
3 70 11 0
3 70 12 0
3 70 13 0
3 70 14 0
3 70 15 0
3 70 16 0
4 0 0 0
4 0 1 0
4 0 2 0
4 0 3 0
4 0 4 0
4 0 5 0
4 0 6 0
4 0 7 0
4 0 8 0
4 0 9 0
4 0 10 0
4 0 11 0
4 0 12 1
4 0 13 0
4 0 14 0
4 0 15 0
4 0 16 0
4 1 0 0
4 1 1 0
4 1 2 0
4 1 3 0
4 1 4 0
4 1 5 0
4 1 6 0
4 1 7 0
4 1 8 0
4 1 9 0
4 1 10 0
4 1 11 0
4 1 12 0
4 1 13 0
4 1 14 0
4 1 15 0
4 1 16 0
4 2 0 0
4 2 1 0
4 2 2 0
4 2 3 0
4 2 4 0
4 2 5 0
4 2 6 0
4 2 7 0
4 2 8 0
4 2 9 0
4 2 10 0
4 2 11 0
4 2 12 1
4 2 13 0
4 2 14 0
4 2 15 0
4 2 16 0
4 3 0 0
4 3 1 0
4 3 2 0
4 3 3 0
4 3 4 0
4 3 5 0
4 3 6 0
4 3 7 0
4 3 8 0
4 3 9 0
4 3 10 0
4 3 11 0
4 3 12 0
4 3 13 0
4 3 14 0
4 3 15 0
4 3 16 0
4 4 0 0
4 4 1 0
4 4 2 1
4 4 3 0
4 4 4 0
4 4 5 0
4 4 6 0
4 4 7 0
4 4 8 0
4 4 9 0
4 4 10 0
4 4 11 0
4 4 12 0
4 4 13 0
4 4 14 0
4 4 15 0
4 4 16 0
4 5 0 0
4 5 1 0
4 5 2 0
4 5 3 0
4 5 4 0
4 5 5 0
4 5 6 0
4 5 7 1
4 5 8 0
4 5 9 0
4 5 10 0
4 5 11 0
4 5 12 0
4 5 13 0
4 5 14 0
4 5 15 0
4 5 16 0
4 6 0 3
4 6 1 0
4 6 2 0
4 6 3 0
4 6 4 0
4 6 5 0
4 6 6 0
4 6 7 0
4 6 8 0
4 6 9 0
4 6 10 0
4 6 11 0
4 6 12 0
4 6 13 0
4 6 14 0
4 6 15 0
4 6 16 0
4 7 0 0
4 7 1 0
4 7 2 0
4 7 3 0
4 7 4 0
4 7 5 0
4 7 6 0
4 7 7 0
4 7 8 0
4 7 9 0
4 7 10 0
4 7 11 0
4 7 12 0
4 7 13 0
4 7 14 0
4 7 15 0
4 7 16 0
4 8 0 0
4 8 1 0
4 8 2 1
4 8 3 0
4 8 4 0
4 8 5 0
4 8 6 0
4 8 7 0
4 8 8 0
4 8 9 0
4 8 10 0
4 8 11 0
4 8 12 0
4 8 13 0
4 8 14 0
4 8 15 0
4 8 16 0
4 9 0 0
4 9 1 0
4 9 2 0
4 9 3 0
4 9 4 0
4 9 5 0
4 9 6 0
4 9 7 1
4 9 8 0
4 9 9 0
4 9 10 0
4 9 11 0
4 9 12 0
4 9 13 0
4 9 14 0
4 9 15 0
4 9 16 0
4 10 0 0
4 10 1 0
4 10 2 0
4 10 3 0
4 10 4 0
4 10 5 0
4 10 6 0
4 10 7 0
4 10 8 0
4 10 9 0
4 10 10 0
4 10 11 0
4 10 12 0
4 10 13 0
4 10 14 0
4 10 15 1
4 10 16 0
4 11 0 0
4 11 1 0
4 11 2 0
4 11 3 0
4 11 4 0
4 11 5 0
4 11 6 0
4 11 7 0
4 11 8 0
4 11 9 0
4 11 10 0
4 11 11 0
4 11 12 0
4 11 13 0
4 11 14 0
4 11 15 0
4 11 16 0
4 12 0 0
4 12 1 0
4 12 2 0
4 12 3 0
4 12 4 0
4 12 5 0
4 12 6 1
4 12 7 0
4 12 8 0
4 12 9 0
4 12 10 0
4 12 11 0
4 12 12 0
4 12 13 0
4 12 14 0
4 12 15 0
4 12 16 0
4 13 0 0
4 13 1 0
4 13 2 0
4 13 3 0
4 13 4 0
4 13 5 0
4 13 6 0
4 13 7 0
4 13 8 0
4 13 9 2
4 13 10 0
4 13 11 0
4 13 12 0
4 13 13 0
4 13 14 0
4 13 15 0
4 13 16 0
4 14 0 0
4 14 1 0
4 14 2 0
4 14 3 0
4 14 4 0
4 14 5 0
4 14 6 0
4 14 7 0
4 14 8 0
4 14 9 0
4 14 10 0
4 14 11 0
4 14 12 0
4 14 13 0
4 14 14 0
4 14 15 0
4 14 16 0
4 15 0 0
4 15 1 0
4 15 2 0
4 15 3 0
4 15 4 0
4 15 5 0
4 15 6 0
4 15 7 0
4 15 8 0
4 15 9 0
4 15 10 0
4 15 11 0
4 15 12 0
4 15 13 0
4 15 14 0
4 15 15 0
4 15 16 0
4 16 0 0
4 16 1 0
4 16 2 0
4 16 3 0
4 16 4 0
4 16 5 0
4 16 6 0
4 16 7 0
4 16 8 0
4 16 9 0
4 16 10 0
4 16 11 0
4 16 12 0
4 16 13 0
4 16 14 0
4 16 15 0
4 16 16 0
4 17 0 0
4 17 1 0
4 17 2 1
4 17 3 0
4 17 4 0
4 17 5 0
4 17 6 0
4 17 7 0
4 17 8 0
4 17 9 0
4 17 10 0
4 17 11 0
4 17 12 0
4 17 13 0
4 17 14 0
4 17 15 0
4 17 16 0
4 18 0 0
4 18 1 0
4 18 2 0
4 18 3 0
4 18 4 0
4 18 5 0
4 18 6 0
4 18 7 1
4 18 8 0
4 18 9 0
4 18 10 0
4 18 11 0
4 18 12 0
4 18 13 0
4 18 14 0
4 18 15 0
4 18 16 0
4 19 0 0
4 19 1 0
4 19 2 0
4 19 3 0
4 19 4 0
4 19 5 0
4 19 6 1
4 19 7 0
4 19 8 0
4 19 9 0
4 19 10 0
4 19 11 0
4 19 12 0
4 19 13 0
4 19 14 0
4 19 15 0
4 19 16 0
4 20 0 0
4 20 1 0
4 20 2 0
4 20 3 0
4 20 4 0
4 20 5 0
4 20 6 0
4 20 7 0
4 20 8 0
4 20 9 0
4 20 10 0
4 20 11 0
4 20 12 0
4 20 13 0
4 20 14 0
4 20 15 0
4 20 16 0
4 21 0 0
4 21 1 0
4 21 2 0
4 21 3 0
4 21 4 0
4 21 5 0
4 21 6 0
4 21 7 0
4 21 8 0
4 21 9 0
4 21 10 0
4 21 11 0
4 21 12 0
4 21 13 0
4 21 14 0
4 21 15 0
4 21 16 0
4 22 0 1
4 22 1 0
4 22 2 0
4 22 3 0
4 22 4 0
4 22 5 0
4 22 6 0
4 22 7 1
4 22 8 0
4 22 9 0
4 22 10 0
4 22 11 0
4 22 12 0
4 22 13 0
4 22 14 0
4 22 15 0
4 22 16 0
4 23 0 6
4 23 1 0
4 23 2 0
4 23 3 0
4 23 4 0
4 23 5 0
4 23 6 0
4 23 7 0
4 23 8 0
4 23 9 0
4 23 10 0
4 23 11 0
4 23 12 0
4 23 13 0
4 23 14 0
4 23 15 0
4 23 16 0
4 24 0 0
4 24 1 0
4 24 2 0
4 24 3 0
4 24 4 0
4 24 5 0
4 24 6 0
4 24 7 0
4 24 8 0
4 24 9 0
4 24 10 0
4 24 11 0
4 24 12 0
4 24 13 0
4 24 14 0
4 24 15 0
4 24 16 0
4 25 0 0
4 25 1 0
4 25 2 0
4 25 3 0
4 25 4 0
4 25 5 0
4 25 6 0
4 25 7 0
4 25 8 0
4 25 9 0
4 25 10 0
4 25 11 0
4 25 12 1
4 25 13 0
4 25 14 0
4 25 15 0
4 25 16 0
4 26 0 0
4 26 1 0
4 26 2 1
4 26 3 0
4 26 4 0
4 26 5 0
4 26 6 0
4 26 7 0
4 26 8 0
4 26 9 0
4 26 10 0
4 26 11 0
4 26 12 0
4 26 13 0
4 26 14 0
4 26 15 0
4 26 16 0
4 27 0 0
4 27 1 0
4 27 2 0
4 27 3 0
4 27 4 0
4 27 5 0
4 27 6 0
4 27 7 0
4 27 8 0
4 27 9 0
4 27 10 0
4 27 11 0
4 27 12 0
4 27 13 0
4 27 14 0
4 27 15 1
4 27 16 0
4 28 0 0
4 28 1 0
4 28 2 0
4 28 3 0
4 28 4 0
4 28 5 0
4 28 6 0
4 28 7 1
4 28 8 0
4 28 9 0
4 28 10 0
4 28 11 0
4 28 12 0
4 28 13 0
4 28 14 0
4 28 15 0
4 28 16 0
4 29 0 0
4 29 1 0
4 29 2 0
4 29 3 0
4 29 4 0
4 29 5 0
4 29 6 0
4 29 7 0
4 29 8 0
4 29 9 0
4 29 10 0
4 29 11 0
4 29 12 0
4 29 13 0
4 29 14 0
4 29 15 0
4 29 16 0
4 30 0 0
4 30 1 0
4 30 2 0
4 30 3 0
4 30 4 0
4 30 5 0
4 30 6 0
4 30 7 0
4 30 8 0
4 30 9 0
4 30 10 0
4 30 11 0
4 30 12 0
4 30 13 0
4 30 14 0
4 30 15 0
4 30 16 0
4 31 0 0
4 31 1 0
4 31 2 0
4 31 3 0
4 31 4 0
4 31 5 0
4 31 6 0
4 31 7 0
4 31 8 0
4 31 9 0
4 31 10 0
4 31 11 0
4 31 12 0
4 31 13 1
4 31 14 0
4 31 15 0
4 31 16 0
4 32 0 0
4 32 1 0
4 32 2 0
4 32 3 0
4 32 4 0
4 32 5 0
4 32 6 0
4 32 7 0
4 32 8 0
4 32 9 0
4 32 10 0
4 32 11 0
4 32 12 0
4 32 13 0
4 32 14 0
4 32 15 0
4 32 16 0
4 33 0 0
4 33 1 0
4 33 2 0
4 33 3 0
4 33 4 0
4 33 5 0
4 33 6 0
4 33 7 0
4 33 8 0
4 33 9 0
4 33 10 0
4 33 11 1
4 33 12 0
4 33 13 0
4 33 14 0
4 33 15 0
4 33 16 0
4 34 0 4
4 34 1 0
4 34 2 0
4 34 3 0
4 34 4 0
4 34 5 0
4 34 6 0
4 34 7 0
4 34 8 0
4 34 9 0
4 34 10 0
4 34 11 0
4 34 12 0
4 34 13 0
4 34 14 0
4 34 15 0
4 34 16 0
4 35 0 0
4 35 1 0
4 35 2 0
4 35 3 0
4 35 4 0
4 35 5 0
4 35 6 0
4 35 7 0
4 35 8 0
4 35 9 0
4 35 10 0
4 35 11 0
4 35 12 0
4 35 13 0
4 35 14 0
4 35 15 0
4 35 16 0
4 36 0 0
4 36 1 0
4 36 2 0
4 36 3 0
4 36 4 0
4 36 5 1
4 36 6 0
4 36 7 0
4 36 8 0
4 36 9 0
4 36 10 0
4 36 11 0
4 36 12 0
4 36 13 0
4 36 14 0
4 36 15 0
4 36 16 0
4 37 0 0
4 37 1 0
4 37 2 0
4 37 3 0
4 37 4 0
4 37 5 0
4 37 6 0
4 37 7 0
4 37 8 0
4 37 9 0
4 37 10 0
4 37 11 0
4 37 12 0
4 37 13 1
4 37 14 0
4 37 15 0
4 37 16 0
4 38 0 0
4 38 1 0
4 38 2 0
4 38 3 0
4 38 4 0
4 38 5 0
4 38 6 0
4 38 7 0
4 38 8 0
4 38 9 0
4 38 10 0
4 38 11 0
4 38 12 0
4 38 13 0
4 38 14 0
4 38 15 0
4 38 16 0
4 39 0 0
4 39 1 0
4 39 2 0
4 39 3 0
4 39 4 0
4 39 5 0
4 39 6 0
4 39 7 0
4 39 8 0
4 39 9 0
4 39 10 0
4 39 11 0
4 39 12 0
4 39 13 0
4 39 14 1
4 39 15 0
4 39 16 0
4 40 0 0
4 40 1 0
4 40 2 0
4 40 3 0
4 40 4 0
4 40 5 0
4 40 6 0
4 40 7 0
4 40 8 0
4 40 9 0
4 40 10 0
4 40 11 1
4 40 12 0
4 40 13 0
4 40 14 0
4 40 15 0
4 40 16 0
4 41 0 0
4 41 1 0
4 41 2 0
4 41 3 0
4 41 4 0
4 41 5 0
4 41 6 0
4 41 7 0
4 41 8 0
4 41 9 0
4 41 10 0
4 41 11 0
4 41 12 0
4 41 13 0
4 41 14 0
4 41 15 0
4 41 16 0
4 42 0 1
4 42 1 0
4 42 2 0
4 42 3 0
4 42 4 0
4 42 5 0
4 42 6 0
4 42 7 0
4 42 8 0
4 42 9 0
4 42 10 0
4 42 11 0
4 42 12 0
4 42 13 0
4 42 14 0
4 42 15 0
4 42 16 0
4 43 0 0
4 43 1 0
4 43 2 0
4 43 3 0
4 43 4 0
4 43 5 0
4 43 6 0
4 43 7 0
4 43 8 0
4 43 9 0
4 43 10 1
4 43 11 0
4 43 12 0
4 43 13 0
4 43 14 0
4 43 15 0
4 43 16 0
4 44 0 0
4 44 1 0
4 44 2 1
4 44 3 0
4 44 4 0
4 44 5 0
4 44 6 0
4 44 7 0
4 44 8 0
4 44 9 0
4 44 10 0
4 44 11 0
4 44 12 0
4 44 13 0
4 44 14 0
4 44 15 0
4 44 16 0
4 45 0 0
4 45 1 1
4 45 2 0
4 45 3 0
4 45 4 0
4 45 5 0
4 45 6 0
4 45 7 0
4 45 8 0
4 45 9 0
4 45 10 0
4 45 11 0
4 45 12 0
4 45 13 0
4 45 14 0
4 45 15 0
4 45 16 0
4 46 0 0
4 46 1 0
4 46 2 1
4 46 3 0
4 46 4 0
4 46 5 0
4 46 6 0
4 46 7 0
4 46 8 0
4 46 9 0
4 46 10 0
4 46 11 1
4 46 12 0
4 46 13 0
4 46 14 0
4 46 15 0
4 46 16 0
4 47 0 0
4 47 1 0
4 47 2 0
4 47 3 0
4 47 4 0
4 47 5 0
4 47 6 0
4 47 7 0
4 47 8 0
4 47 9 0
4 47 10 0
4 47 11 0
4 47 12 0
4 47 13 0
4 47 14 0
4 47 15 0
4 47 16 0
4 48 0 0
4 48 1 0
4 48 2 0
4 48 3 0
4 48 4 0
4 48 5 0
4 48 6 0
4 48 7 0
4 48 8 0
4 48 9 0
4 48 10 0
4 48 11 0
4 48 12 0
4 48 13 0
4 48 14 0
4 48 15 0
4 48 16 0
4 49 0 0
4 49 1 0
4 49 2 0
4 49 3 0
4 49 4 0
4 49 5 0
4 49 6 0
4 49 7 1
4 49 8 0
4 49 9 0
4 49 10 0
4 49 11 0
4 49 12 0
4 49 13 0
4 49 14 0
4 49 15 0
4 49 16 0
4 50 0 0
4 50 1 0
4 50 2 1
4 50 3 0
4 50 4 0
4 50 5 0
4 50 6 0
4 50 7 0
4 50 8 0
4 50 9 0
4 50 10 0
4 50 11 0
4 50 12 0
4 50 13 0
4 50 14 0
4 50 15 0
4 50 16 0
4 51 0 0
4 51 1 0
4 51 2 0
4 51 3 0
4 51 4 0
4 51 5 0
4 51 6 0
4 51 7 0
4 51 8 0
4 51 9 0
4 51 10 0
4 51 11 0
4 51 12 0
4 51 13 0
4 51 14 0
4 51 15 0
4 51 16 0
4 52 0 0
4 52 1 1
4 52 2 0
4 52 3 0
4 52 4 0
4 52 5 0
4 52 6 0
4 52 7 0
4 52 8 0
4 52 9 0
4 52 10 0
4 52 11 0
4 52 12 0
4 52 13 0
4 52 14 0
4 52 15 0
4 52 16 0
4 53 0 1
4 53 1 1
4 53 2 0
4 53 3 0
4 53 4 0
4 53 5 0
4 53 6 0
4 53 7 0
4 53 8 0
4 53 9 0
4 53 10 0
4 53 11 0
4 53 12 0
4 53 13 0
4 53 14 0
4 53 15 0
4 53 16 0
4 54 0 4
4 54 1 0
4 54 2 0
4 54 3 0
4 54 4 0
4 54 5 1
4 54 6 0
4 54 7 0
4 54 8 0
4 54 9 0
4 54 10 0
4 54 11 0
4 54 12 0
4 54 13 0
4 54 14 0
4 54 15 0
4 54 16 0
4 55 0 0
4 55 1 0
4 55 2 0
4 55 3 0
4 55 4 0
4 55 5 0
4 55 6 0
4 55 7 0
4 55 8 0
4 55 9 0
4 55 10 0
4 55 11 0
4 55 12 0
4 55 13 0
4 55 14 0
4 55 15 0
4 55 16 0
4 56 0 0
4 56 1 0
4 56 2 0
4 56 3 0
4 56 4 0
4 56 5 0
4 56 6 0
4 56 7 0
4 56 8 0
4 56 9 0
4 56 10 0
4 56 11 0
4 56 12 0
4 56 13 0
4 56 14 0
4 56 15 0
4 56 16 0
4 57 0 0
4 57 1 0
4 57 2 1
4 57 3 0
4 57 4 0
4 57 5 0
4 57 6 0
4 57 7 0
4 57 8 0
4 57 9 0
4 57 10 0
4 57 11 0
4 57 12 0
4 57 13 0
4 57 14 0
4 57 15 0
4 57 16 0
4 58 0 0
4 58 1 0
4 58 2 0
4 58 3 0
4 58 4 0
4 58 5 1
4 58 6 0
4 58 7 0
4 58 8 0
4 58 9 0
4 58 10 0
4 58 11 0
4 58 12 0
4 58 13 0
4 58 14 0
4 58 15 0
4 58 16 0
4 59 0 0
4 59 1 0
4 59 2 0
4 59 3 0
4 59 4 0
4 59 5 0
4 59 6 0
4 59 7 0
4 59 8 0
4 59 9 0
4 59 10 0
4 59 11 0
4 59 12 0
4 59 13 1
4 59 14 0
4 59 15 0
4 59 16 0
4 60 0 0
4 60 1 0
4 60 2 0
4 60 3 0
4 60 4 0
4 60 5 0
4 60 6 0
4 60 7 0
4 60 8 0
4 60 9 0
4 60 10 0
4 60 11 0
4 60 12 0
4 60 13 0
4 60 14 0
4 60 15 0
4 60 16 0
4 61 0 0
4 61 1 0
4 61 2 0
4 61 3 0
4 61 4 0
4 61 5 0
4 61 6 0
4 61 7 0
4 61 8 1
4 61 9 0
4 61 10 0
4 61 11 0
4 61 12 0
4 61 13 0
4 61 14 0
4 61 15 0
4 61 16 0
4 62 0 2
4 62 1 0
4 62 2 0
4 62 3 0
4 62 4 0
4 62 5 0
4 62 6 0
4 62 7 0
4 62 8 0
4 62 9 0
4 62 10 0
4 62 11 0
4 62 12 0
4 62 13 0
4 62 14 0
4 62 15 0
4 62 16 0
4 63 0 0
4 63 1 0
4 63 2 0
4 63 3 0
4 63 4 0
4 63 5 0
4 63 6 0
4 63 7 0
4 63 8 0
4 63 9 0
4 63 10 0
4 63 11 0
4 63 12 0
4 63 13 0
4 63 14 0
4 63 15 0
4 63 16 0
4 64 0 0
4 64 1 0
4 64 2 1
4 64 3 0
4 64 4 0
4 64 5 0
4 64 6 0
4 64 7 0
4 64 8 0
4 64 9 0
4 64 10 0
4 64 11 0
4 64 12 0
4 64 13 0
4 64 14 0
4 64 15 0
4 64 16 0
4 65 0 0
4 65 1 0
4 65 2 0
4 65 3 0
4 65 4 0
4 65 5 2
4 65 6 0
4 65 7 0
4 65 8 0
4 65 9 0
4 65 10 0
4 65 11 0
4 65 12 0
4 65 13 0
4 65 14 0
4 65 15 0
4 65 16 0
4 66 0 0
4 66 1 0
4 66 2 0
4 66 3 0
4 66 4 0
4 66 5 0
4 66 6 0
4 66 7 0
4 66 8 0
4 66 9 0
4 66 10 0
4 66 11 0
4 66 12 0
4 66 13 0
4 66 14 0
4 66 15 0
4 66 16 0
4 67 0 0
4 67 1 0
4 67 2 0
4 67 3 0
4 67 4 0
4 67 5 0
4 67 6 0
4 67 7 0
4 67 8 0
4 67 9 0
4 67 10 0
4 67 11 0
4 67 12 0
4 67 13 0
4 67 14 0
4 67 15 0
4 67 16 0
4 68 0 0
4 68 1 0
4 68 2 1
4 68 3 0
4 68 4 0
4 68 5 0
4 68 6 0
4 68 7 0
4 68 8 0
4 68 9 0
4 68 10 0
4 68 11 0
4 68 12 0
4 68 13 0
4 68 14 0
4 68 15 0
4 68 16 0
4 69 0 1
4 69 1 0
4 69 2 0
4 69 3 0
4 69 4 0
4 69 5 0
4 69 6 0
4 69 7 0
4 69 8 0
4 69 9 0
4 69 10 0
4 69 11 0
4 69 12 0
4 69 13 0
4 69 14 0
4 69 15 0
4 69 16 0
4 70 0 0
4 70 1 0
4 70 2 0
4 70 3 0
4 70 4 0
4 70 5 0
4 70 6 0
4 70 7 0
4 70 8 0
4 70 9 0
4 70 10 0
4 70 11 0
4 70 12 0
4 70 13 0
4 70 14 0
4 70 15 0
4 70 16 0
5 0 0 2
5 0 1 0
5 0 2 0
5 0 3 0
5 0 4 0
5 0 5 0
5 0 6 0
5 0 7 0
5 0 8 0
5 0 9 0
5 0 10 0
5 0 11 0
5 0 12 0
5 0 13 0
5 0 14 0
5 0 15 0
5 0 16 0
5 1 0 2
5 1 1 0
5 1 2 0
5 1 3 0
5 1 4 0
5 1 5 0
5 1 6 0
5 1 7 0
5 1 8 0
5 1 9 0
5 1 10 0
5 1 11 0
5 1 12 0
5 1 13 0
5 1 14 0
5 1 15 0
5 1 16 0
5 2 0 2
5 2 1 0
5 2 2 0
5 2 3 0
5 2 4 0
5 2 5 0
5 2 6 0
5 2 7 0
5 2 8 0
5 2 9 0
5 2 10 0
5 2 11 0
5 2 12 0
5 2 13 0
5 2 14 0
5 2 15 0
5 2 16 0
5 3 0 2
5 3 1 0
5 3 2 0
5 3 3 0
5 3 4 0
5 3 5 0
5 3 6 0
5 3 7 0
5 3 8 0
5 3 9 0
5 3 10 0
5 3 11 0
5 3 12 0
5 3 13 0
5 3 14 0
5 3 15 0
5 3 16 0
5 4 0 1
5 4 1 0
5 4 2 0
5 4 3 0
5 4 4 0
5 4 5 0
5 4 6 1
5 4 7 0
5 4 8 0
5 4 9 0
5 4 10 0
5 4 11 0
5 4 12 0
5 4 13 0
5 4 14 0
5 4 15 0
5 4 16 0
5 5 0 0
5 5 1 1
5 5 2 0
5 5 3 0
5 5 4 0
5 5 5 0
5 5 6 0
5 5 7 0
5 5 8 0
5 5 9 0
5 5 10 0
5 5 11 0
5 5 12 0
5 5 13 0
5 5 14 0
5 5 15 0
5 5 16 0
5 6 0 0
5 6 1 0
5 6 2 0
5 6 3 0
5 6 4 0
5 6 5 0
5 6 6 0
5 6 7 0
5 6 8 0
5 6 9 0
5 6 10 0
5 6 11 0
5 6 12 0
5 6 13 0
5 6 14 0
5 6 15 0
5 6 16 0
5 7 0 1
5 7 1 0
5 7 2 0
5 7 3 0
5 7 4 0
5 7 5 0
5 7 6 0
5 7 7 0
5 7 8 0
5 7 9 0
5 7 10 0
5 7 11 0
5 7 12 0
5 7 13 0
5 7 14 0
5 7 15 0
5 7 16 0
5 8 0 0
5 8 1 0
5 8 2 1
5 8 3 0
5 8 4 0
5 8 5 0
5 8 6 0
5 8 7 0
5 8 8 0
5 8 9 0
5 8 10 0
5 8 11 0
5 8 12 0
5 8 13 0
5 8 14 0
5 8 15 0
5 8 16 0
5 9 0 0
5 9 1 0
5 9 2 0
5 9 3 0
5 9 4 0
5 9 5 0
5 9 6 0
5 9 7 0
5 9 8 0
5 9 9 0
5 9 10 0
5 9 11 0
5 9 12 0
5 9 13 1
5 9 14 0
5 9 15 0
5 9 16 0
5 10 0 0
5 10 1 0
5 10 2 0
5 10 3 0
5 10 4 0
5 10 5 0
5 10 6 0
5 10 7 0
5 10 8 0
5 10 9 0
5 10 10 0
5 10 11 0
5 10 12 0
5 10 13 0
5 10 14 0
5 10 15 0
5 10 16 0
5 11 0 1
5 11 1 0
5 11 2 0
5 11 3 0
5 11 4 0
5 11 5 0
5 11 6 0
5 11 7 0
5 11 8 0
5 11 9 0
5 11 10 0
5 11 11 0
5 11 12 0
5 11 13 0
5 11 14 0
5 11 15 0
5 11 16 0
5 12 0 0
5 12 1 0
5 12 2 1
5 12 3 0
5 12 4 0
5 12 5 0
5 12 6 0
5 12 7 0
5 12 8 0
5 12 9 0
5 12 10 0
5 12 11 0
5 12 12 0
5 12 13 0
5 12 14 0
5 12 15 0
5 12 16 0
5 13 0 0
5 13 1 0
5 13 2 0
5 13 3 0
5 13 4 0
5 13 5 0
5 13 6 0
5 13 7 0
5 13 8 0
5 13 9 0
5 13 10 0
5 13 11 0
5 13 12 1
5 13 13 0
5 13 14 0
5 13 15 0
5 13 16 0
5 14 0 0
5 14 1 0
5 14 2 0
5 14 3 0
5 14 4 0
5 14 5 0
5 14 6 0
5 14 7 0
5 14 8 0
5 14 9 0
5 14 10 0
5 14 11 0
5 14 12 0
5 14 13 0
5 14 14 0
5 14 15 0
5 14 16 0
5 15 0 0
5 15 1 0
5 15 2 0
5 15 3 0
5 15 4 0
5 15 5 1
5 15 6 0
5 15 7 0
5 15 8 0
5 15 9 0
5 15 10 0
5 15 11 0
5 15 12 0
5 15 13 0
5 15 14 0
5 15 15 0
5 15 16 0
5 16 0 0
5 16 1 0
5 16 2 0
5 16 3 0
5 16 4 0
5 16 5 0
5 16 6 0
5 16 7 0
5 16 8 0
5 16 9 0
5 16 10 0
5 16 11 0
5 16 12 0
5 16 13 0
5 16 14 0
5 16 15 0
5 16 16 0
5 17 0 0
5 17 1 0
5 17 2 0
5 17 3 0
5 17 4 0
5 17 5 0
5 17 6 0
5 17 7 0
5 17 8 0
5 17 9 0
5 17 10 0
5 17 11 0
5 17 12 0
5 17 13 0
5 17 14 0
5 17 15 0
5 17 16 0
5 18 0 0
5 18 1 0
5 18 2 0
5 18 3 0
5 18 4 0
5 18 5 0
5 18 6 0
5 18 7 0
5 18 8 0
5 18 9 0
5 18 10 0
5 18 11 1
5 18 12 0
5 18 13 0
5 18 14 0
5 18 15 0
5 18 16 0
5 19 0 0
5 19 1 0
5 19 2 0
5 19 3 0
5 19 4 0
5 19 5 0
5 19 6 0
5 19 7 0
5 19 8 0
5 19 9 0
5 19 10 0
5 19 11 0
5 19 12 0
5 19 13 0
5 19 14 0
5 19 15 0
5 19 16 0
5 20 0 0
5 20 1 0
5 20 2 0
5 20 3 0
5 20 4 0
5 20 5 0
5 20 6 0
5 20 7 0
5 20 8 0
5 20 9 0
5 20 10 0
5 20 11 0
5 20 12 0
5 20 13 0
5 20 14 0
5 20 15 0
5 20 16 0
5 21 0 1
5 21 1 0
5 21 2 0
5 21 3 0
5 21 4 0
5 21 5 0
5 21 6 0
5 21 7 0
5 21 8 0
5 21 9 0
5 21 10 0
5 21 11 0
5 21 12 0
5 21 13 0
5 21 14 0
5 21 15 0
5 21 16 0
5 22 0 0
5 22 1 0
5 22 2 0
5 22 3 0
5 22 4 0
5 22 5 0
5 22 6 0
5 22 7 0
5 22 8 0
5 22 9 0
5 22 10 0
5 22 11 0
5 22 12 0
5 22 13 0
5 22 14 0
5 22 15 0
5 22 16 1
5 23 0 0
5 23 1 0
5 23 2 0
5 23 3 0
5 23 4 0
5 23 5 0
5 23 6 0
5 23 7 0
5 23 8 0
5 23 9 0
5 23 10 0
5 23 11 0
5 23 12 0
5 23 13 0
5 23 14 0
5 23 15 1
5 23 16 0
5 24 0 0
5 24 1 0
5 24 2 0
5 24 3 0
5 24 4 0
5 24 5 0
5 24 6 0
5 24 7 0
5 24 8 0
5 24 9 0
5 24 10 0
5 24 11 0
5 24 12 0
5 24 13 0
5 24 14 0
5 24 15 0
5 24 16 0
5 25 0 0
5 25 1 0
5 25 2 0
5 25 3 0
5 25 4 0
5 25 5 0
5 25 6 0
5 25 7 0
5 25 8 0
5 25 9 0
5 25 10 0
5 25 11 0
5 25 12 0
5 25 13 0
5 25 14 0
5 25 15 0
5 25 16 0
5 26 0 0
5 26 1 0
5 26 2 0
5 26 3 0
5 26 4 0
5 26 5 0
5 26 6 0
5 26 7 0
5 26 8 1
5 26 9 0
5 26 10 0
5 26 11 0
5 26 12 0
5 26 13 0
5 26 14 0
5 26 15 0
5 26 16 0
5 27 0 0
5 27 1 1
5 27 2 0
5 27 3 0
5 27 4 0
5 27 5 0
5 27 6 0
5 27 7 0
5 27 8 0
5 27 9 0
5 27 10 0
5 27 11 0
5 27 12 0
5 27 13 0
5 27 14 0
5 27 15 0
5 27 16 0
5 28 0 0
5 28 1 0
5 28 2 0
5 28 3 0
5 28 4 0
5 28 5 0
5 28 6 0
5 28 7 0
5 28 8 0
5 28 9 0
5 28 10 0
5 28 11 0
5 28 12 0
5 28 13 0
5 28 14 0
5 28 15 0
5 28 16 0
5 29 0 0
5 29 1 0
5 29 2 0
5 29 3 0
5 29 4 0
5 29 5 0
5 29 6 0
5 29 7 0
5 29 8 0
5 29 9 0
5 29 10 0
5 29 11 1
5 29 12 0
5 29 13 0
5 29 14 0
5 29 15 0
5 29 16 0
5 30 0 0
5 30 1 0
5 30 2 0
5 30 3 0
5 30 4 0
5 30 5 0
5 30 6 0
5 30 7 0
5 30 8 0
5 30 9 0
5 30 10 0
5 30 11 0
5 30 12 0
5 30 13 0
5 30 14 0
5 30 15 0
5 30 16 0
5 31 0 1
5 31 1 0
5 31 2 0
5 31 3 0
5 31 4 0
5 31 5 0
5 31 6 0
5 31 7 0
5 31 8 0
5 31 9 0
5 31 10 0
5 31 11 0
5 31 12 0
5 31 13 0
5 31 14 0
5 31 15 0
5 31 16 0
5 32 0 0
5 32 1 0
5 32 2 0
5 32 3 0
5 32 4 0
5 32 5 1
5 32 6 0
5 32 7 0
5 32 8 0
5 32 9 0
5 32 10 0
5 32 11 0
5 32 12 0
5 32 13 0
5 32 14 0
5 32 15 0
5 32 16 0
5 33 0 0
5 33 1 0
5 33 2 0
5 33 3 0
5 33 4 0
5 33 5 0
5 33 6 0
5 33 7 0
5 33 8 0
5 33 9 0
5 33 10 0
5 33 11 0
5 33 12 0
5 33 13 0
5 33 14 0
5 33 15 0
5 33 16 0
5 34 0 1
5 34 1 0
5 34 2 0
5 34 3 0
5 34 4 0
5 34 5 0
5 34 6 0
5 34 7 0
5 34 8 0
5 34 9 0
5 34 10 0
5 34 11 0
5 34 12 0
5 34 13 0
5 34 14 0
5 34 15 0
5 34 16 0
5 35 0 1
5 35 1 0
5 35 2 0
5 35 3 0
5 35 4 0
5 35 5 0
5 35 6 0
5 35 7 0
5 35 8 0
5 35 9 0
5 35 10 0
5 35 11 0
5 35 12 0
5 35 13 0
5 35 14 0
5 35 15 0
5 35 16 0
5 36 0 0
5 36 1 0
5 36 2 0
5 36 3 0
5 36 4 0
5 36 5 0
5 36 6 0
5 36 7 0
5 36 8 0
5 36 9 0
5 36 10 0
5 36 11 0
5 36 12 0
5 36 13 0
5 36 14 0
5 36 15 1
5 36 16 0
5 37 0 0
5 37 1 1
5 37 2 0
5 37 3 0
5 37 4 0
5 37 5 0
5 37 6 0
5 37 7 0
5 37 8 0
5 37 9 0
5 37 10 0
5 37 11 0
5 37 12 0
5 37 13 0
5 37 14 0
5 37 15 0
5 37 16 0
5 38 0 0
5 38 1 0
5 38 2 0
5 38 3 0
5 38 4 0
5 38 5 0
5 38 6 0
5 38 7 0
5 38 8 0
5 38 9 0
5 38 10 0
5 38 11 0
5 38 12 0
5 38 13 0
5 38 14 0
5 38 15 0
5 38 16 0
5 39 0 0
5 39 1 1
5 39 2 0
5 39 3 0
5 39 4 0
5 39 5 0
5 39 6 0
5 39 7 0
5 39 8 0
5 39 9 0
5 39 10 0
5 39 11 0
5 39 12 0
5 39 13 0
5 39 14 0
5 39 15 0
5 39 16 0
5 40 0 0
5 40 1 0
5 40 2 1
5 40 3 0
5 40 4 0
5 40 5 0
5 40 6 0
5 40 7 0
5 40 8 0
5 40 9 0
5 40 10 0
5 40 11 0
5 40 12 0
5 40 13 0
5 40 14 0
5 40 15 0
5 40 16 0
5 41 0 0
5 41 1 0
5 41 2 0
5 41 3 0
5 41 4 0
5 41 5 0
5 41 6 0
5 41 7 0
5 41 8 0
5 41 9 0
5 41 10 0
5 41 11 0
5 41 12 0
5 41 13 1
5 41 14 0
5 41 15 0
5 41 16 0
5 42 0 0
5 42 1 0
5 42 2 0
5 42 3 0
5 42 4 0
5 42 5 0
5 42 6 0
5 42 7 0
5 42 8 0
5 42 9 0
5 42 10 0
5 42 11 0
5 42 12 0
5 42 13 0
5 42 14 0
5 42 15 0
5 42 16 0
5 43 0 1
5 43 1 0
5 43 2 0
5 43 3 0
5 43 4 0
5 43 5 0
5 43 6 0
5 43 7 0
5 43 8 0
5 43 9 0
5 43 10 0
5 43 11 0
5 43 12 0
5 43 13 0
5 43 14 0
5 43 15 0
5 43 16 0
5 44 0 0
5 44 1 0
5 44 2 0
5 44 3 0
5 44 4 0
5 44 5 0
5 44 6 1
5 44 7 0
5 44 8 0
5 44 9 0
5 44 10 0
5 44 11 0
5 44 12 0
5 44 13 0
5 44 14 0
5 44 15 0
5 44 16 0
5 45 0 0
5 45 1 1
5 45 2 0
5 45 3 0
5 45 4 0
5 45 5 0
5 45 6 0
5 45 7 0
5 45 8 0
5 45 9 0
5 45 10 0
5 45 11 0
5 45 12 0
5 45 13 0
5 45 14 0
5 45 15 0
5 45 16 0
5 46 0 0
5 46 1 0
5 46 2 0
5 46 3 0
5 46 4 0
5 46 5 0
5 46 6 0
5 46 7 0
5 46 8 0
5 46 9 0
5 46 10 0
5 46 11 0
5 46 12 0
5 46 13 0
5 46 14 0
5 46 15 0
5 46 16 0
5 47 0 0
5 47 1 0
5 47 2 0
5 47 3 0
5 47 4 0
5 47 5 1
5 47 6 0
5 47 7 0
5 47 8 0
5 47 9 0
5 47 10 0
5 47 11 0
5 47 12 0
5 47 13 0
5 47 14 0
5 47 15 0
5 47 16 0
5 48 0 0
5 48 1 0
5 48 2 0
5 48 3 0
5 48 4 0
5 48 5 0
5 48 6 0
5 48 7 0
5 48 8 0
5 48 9 0
5 48 10 0
5 48 11 0
5 48 12 0
5 48 13 0
5 48 14 0
5 48 15 0
5 48 16 0
5 49 0 1
5 49 1 0
5 49 2 0
5 49 3 0
5 49 4 0
5 49 5 0
5 49 6 0
5 49 7 0
5 49 8 0
5 49 9 0
5 49 10 0
5 49 11 0
5 49 12 0
5 49 13 0
5 49 14 0
5 49 15 0
5 49 16 0
5 50 0 0
5 50 1 0
5 50 2 0
5 50 3 0
5 50 4 0
5 50 5 0
5 50 6 0
5 50 7 0
5 50 8 0
5 50 9 0
5 50 10 0
5 50 11 0
5 50 12 1
5 50 13 0
5 50 14 0
5 50 15 0
5 50 16 0
5 51 0 0
5 51 1 0
5 51 2 0
5 51 3 0
5 51 4 0
5 51 5 0
5 51 6 0
5 51 7 0
5 51 8 0
5 51 9 0
5 51 10 0
5 51 11 0
5 51 12 0
5 51 13 0
5 51 14 0
5 51 15 0
5 51 16 0
5 52 0 0
5 52 1 0
5 52 2 0
5 52 3 0
5 52 4 0
5 52 5 1
5 52 6 0
5 52 7 0
5 52 8 0
5 52 9 0
5 52 10 0
5 52 11 0
5 52 12 0
5 52 13 0
5 52 14 0
5 52 15 0
5 52 16 0
5 53 0 0
5 53 1 0
5 53 2 0
5 53 3 0
5 53 4 0
5 53 5 0
5 53 6 0
5 53 7 0
5 53 8 0
5 53 9 0
5 53 10 0
5 53 11 0
5 53 12 0
5 53 13 0
5 53 14 0
5 53 15 0
5 53 16 0
5 54 0 0
5 54 1 0
5 54 2 0
5 54 3 0
5 54 4 0
5 54 5 0
5 54 6 0
5 54 7 0
5 54 8 0
5 54 9 0
5 54 10 0
5 54 11 0
5 54 12 0
5 54 13 0
5 54 14 0
5 54 15 0
5 54 16 0
5 55 0 1
5 55 1 0
5 55 2 0
5 55 3 0
5 55 4 0
5 55 5 0
5 55 6 0
5 55 7 0
5 55 8 0
5 55 9 0
5 55 10 0
5 55 11 0
5 55 12 0
5 55 13 0
5 55 14 0
5 55 15 0
5 55 16 0
5 56 0 0
5 56 1 0
5 56 2 0
5 56 3 0
5 56 4 0
5 56 5 0
5 56 6 0
5 56 7 0
5 56 8 0
5 56 9 0
5 56 10 0
5 56 11 1
5 56 12 0
5 56 13 0
5 56 14 0
5 56 15 0
5 56 16 0
5 57 0 1
5 57 1 0
5 57 2 0
5 57 3 0
5 57 4 0
5 57 5 0
5 57 6 0
5 57 7 0
5 57 8 0
5 57 9 0
5 57 10 0
5 57 11 0
5 57 12 0
5 57 13 0
5 57 14 0
5 57 15 0
5 57 16 0
5 58 0 0
5 58 1 0
5 58 2 0
5 58 3 0
5 58 4 0
5 58 5 0
5 58 6 0
5 58 7 0
5 58 8 0
5 58 9 0
5 58 10 0
5 58 11 0
5 58 12 0
5 58 13 0
5 58 14 0
5 58 15 0
5 58 16 0
5 59 0 0
5 59 1 0
5 59 2 0
5 59 3 0
5 59 4 1
5 59 5 0
5 59 6 0
5 59 7 0
5 59 8 0
5 59 9 0
5 59 10 0
5 59 11 0
5 59 12 0
5 59 13 0
5 59 14 0
5 59 15 0
5 59 16 0
5 60 0 0
5 60 1 0
5 60 2 0
5 60 3 0
5 60 4 0
5 60 5 0
5 60 6 0
5 60 7 0
5 60 8 0
5 60 9 0
5 60 10 0
5 60 11 0
5 60 12 0
5 60 13 0
5 60 14 0
5 60 15 0
5 60 16 0
5 61 0 0
5 61 1 0
5 61 2 1
5 61 3 0
5 61 4 0
5 61 5 0
5 61 6 0
5 61 7 0
5 61 8 0
5 61 9 0
5 61 10 0
5 61 11 0
5 61 12 0
5 61 13 0
5 61 14 0
5 61 15 0
5 61 16 0
5 62 0 0
5 62 1 0
5 62 2 0
5 62 3 1
5 62 4 0
5 62 5 0
5 62 6 0
5 62 7 0
5 62 8 0
5 62 9 0
5 62 10 0
5 62 11 0
5 62 12 0
5 62 13 0
5 62 14 0
5 62 15 0
5 62 16 0
5 63 0 0
5 63 1 0
5 63 2 0
5 63 3 0
5 63 4 0
5 63 5 0
5 63 6 0
5 63 7 0
5 63 8 0
5 63 9 0
5 63 10 0
5 63 11 0
5 63 12 0
5 63 13 0
5 63 14 0
5 63 15 0
5 63 16 0
5 64 0 0
5 64 1 1
5 64 2 0
5 64 3 0
5 64 4 0
5 64 5 0
5 64 6 0
5 64 7 0
5 64 8 0
5 64 9 0
5 64 10 0
5 64 11 0
5 64 12 0
5 64 13 0
5 64 14 0
5 64 15 0
5 64 16 0
5 65 0 0
5 65 1 0
5 65 2 1
5 65 3 0
5 65 4 0
5 65 5 0
5 65 6 0
5 65 7 0
5 65 8 0
5 65 9 0
5 65 10 0
5 65 11 0
5 65 12 0
5 65 13 0
5 65 14 0
5 65 15 0
5 65 16 0
5 66 0 0
5 66 1 0
5 66 2 0
5 66 3 0
5 66 4 0
5 66 5 1
5 66 6 0
5 66 7 0
5 66 8 0
5 66 9 0
5 66 10 0
5 66 11 0
5 66 12 0
5 66 13 0
5 66 14 0
5 66 15 0
5 66 16 0
5 67 0 0
5 67 1 0
5 67 2 0
5 67 3 0
5 67 4 0
5 67 5 0
5 67 6 0
5 67 7 0
5 67 8 0
5 67 9 0
5 67 10 0
5 67 11 0
5 67 12 0
5 67 13 0
5 67 14 0
5 67 15 0
5 67 16 0
5 68 0 1
5 68 1 0
5 68 2 0
5 68 3 0
5 68 4 0
5 68 5 0
5 68 6 0
5 68 7 0
5 68 8 0
5 68 9 0
5 68 10 0
5 68 11 0
5 68 12 0
5 68 13 0
5 68 14 0
5 68 15 0
5 68 16 0
5 69 0 0
5 69 1 0
5 69 2 0
5 69 3 0
5 69 4 0
5 69 5 0
5 69 6 0
5 69 7 0
5 69 8 0
5 69 9 0
5 69 10 1
5 69 11 0
5 69 12 0
5 69 13 0
5 69 14 0
5 69 15 0
5 69 16 0
5 70 0 0
5 70 1 0
5 70 2 0
5 70 3 0
5 70 4 0
5 70 5 0
5 70 6 0
5 70 7 0
5 70 8 0
5 70 9 0
5 70 10 0
5 70 11 0
5 70 12 0
5 70 13 0
5 70 14 0
5 70 15 0
5 70 16 0
0 0 64
0 1 64
0 2 64
0 3 64
0 4 64
0 5 64
0 6 64
0 7 64
0 8 64
0 9 64
0 10 64
0 11 64
0 12 64
0 13 64
0 14 64
0 15 64
0 16 64
0 17 64
0 18 64
0 19 64
0 20 64
0 21 64
0 22 64
0 23 64
0 24 64
0 25 64
0 26 64
0 27 64
0 28 64
0 29 64
0 30 64
0 31 64
0 32 64
0 33 64
0 34 64
0 35 64
0 36 64
0 37 64
0 38 64
0 39 64
0 40 64
0 41 64
0 42 64
0 43 64
0 44 64
0 45 64
0 46 64
0 47 64
0 48 64
0 49 64
0 50 64
0 51 64
0 52 64
0 53 64
0 54 64
0 55 64
0 56 64
0 57 64
0 58 64
0 59 64
0 60 64
0 61 64
0 62 64
0 63 64
0 64 0
0 65 0
0 66 0
0 67 0
0 68 0
0 69 0
0 70 0
1 0 10
1 1 20
1 2 31
1 3 30
1 4 29
1 5 29
1 6 28
1 7 28
1 8 29
1 9 31
1 10 30
1 11 29
1 12 37
1 13 19
1 14 29
1 15 30
1 16 32
1 17 20
1 18 31
1 19 31
1 20 30
1 21 33
1 22 24
1 23 25
1 24 35
1 25 28
1 26 29
1 27 28
1 28 29
1 29 29
1 30 28
1 31 28
1 32 28
1 33 28
1 34 28
1 35 28
1 36 29
1 37 29
1 38 31
1 39 28
1 40 25
1 41 32
1 42 32
1 43 28
1 44 23
1 45 33
1 46 37
1 47 24
1 48 29
1 49 29
1 50 29
1 51 28
1 52 28
1 53 35
1 54 19
1 55 28
1 56 34
1 57 29
1 58 29
1 59 29
1 60 29
1 61 29
1 62 28
1 63 29
1 64 20
1 65 10
1 66 0
1 67 0
1 68 0
1 69 0
1 70 0
2 0 2
2 1 8
2 2 9
2 3 11
2 4 16
2 5 15
2 6 9
2 7 13
2 8 16
2 9 13
2 10 13
2 11 17
2 12 38
2 13 8
2 14 13
2 15 10
2 16 15
2 17 11
2 18 9
2 19 14
2 20 16
2 21 14
2 22 10
2 23 14
2 24 36
2 25 7
2 26 10
2 27 14
2 28 15
2 29 9
2 30 15
2 31 18
2 32 9
2 33 9
2 34 13
2 35 13
2 36 12
2 37 14
2 38 13
2 39 19
2 40 10
2 41 15
2 42 16
2 43 15
2 44 20
2 45 9
2 46 15
2 47 16
2 48 17
2 49 11
2 50 11
2 51 13
2 52 17
2 53 13
2 54 12
2 55 14
2 56 15
2 57 14
2 58 10
2 59 15
2 60 16
2 61 14
2 62 14
2 63 9
2 64 16
2 65 22
2 66 0
2 67 0
2 68 0
2 69 0
2 70 0
3 0 1
3 1 3
3 2 5
3 3 4
3 4 6
3 5 9
3 6 7
3 7 4
3 8 8
3 9 8
3 10 5
3 11 18
3 12 20
3 13 18
3 14 4
3 15 5
3 16 6
3 17 7
3 18 5
3 19 5
3 20 8
3 21 7
3 22 8
3 23 6
3 24 10
3 25 10
3 26 10
3 27 5
3 28 6
3 29 8
3 30 8
3 31 9
3 32 5
3 33 5
3 34 7
3 35 4
3 36 8
3 37 8
3 38 5
3 39 9
3 40 11
3 41 5
3 42 8
3 43 6
3 44 9
3 45 7
3 46 5
3 47 8
3 48 8
3 49 5
3 50 7
3 51 9
3 52 5
3 53 8
3 54 9
3 55 7
3 56 6
3 57 5
3 58 5
3 59 8
3 60 7
3 61 7
3 62 8
3 63 4
3 64 6
3 65 8
3 66 6
3 67 3
3 68 0
3 69 0
3 70 0
4 0 1
4 1 2
4 2 4
4 3 4
4 4 4
4 5 3
4 6 4
4 7 3
4 8 4
4 9 5
4 10 5
4 11 4
4 12 8
4 13 7
4 14 5
4 15 6
4 16 2
4 17 2
4 18 5
4 19 5
4 20 3
4 21 4
4 22 6
4 23 5
4 24 5
4 25 4
4 26 6
4 27 6
4 28 5
4 29 3
4 30 6
4 31 5
4 32 3
4 33 3
4 34 8
4 35 3
4 36 3
4 37 4
4 38 4
4 39 4
4 40 5
4 41 4
4 42 4
4 43 6
4 44 7
4 45 5
4 46 7
4 47 2
4 48 3
4 49 4
4 50 5
4 51 5
4 52 3
4 53 4
4 54 7
4 55 2
4 56 4
4 57 4
4 58 2
4 59 5
4 60 5
4 61 4
4 62 3
4 63 4
4 64 5
4 65 3
4 66 4
4 67 4
4 68 2
4 69 1
4 70 0
5 0 1
5 1 1
5 2 2
5 3 2
5 4 3
5 5 3
5 6 6
5 7 1
5 8 2
5 9 3
5 10 3
5 11 2
5 12 3
5 13 5
5 14 3
5 15 3
5 16 3
5 17 3
5 18 2
5 19 3
5 20 2
5 21 2
5 22 4
5 23 8
5 24 1
5 25 2
5 26 3
5 27 3
5 28 4
5 29 3
5 30 2
5 31 2
5 32 2
5 33 2
5 34 6
5 35 1
5 36 2
5 37 3
5 38 2
5 39 3
5 40 4
5 41 2
5 42 3
5 43 2
5 44 3
5 45 3
5 46 5
5 47 3
5 48 2
5 49 2
5 50 3
5 51 2
5 52 3
5 53 4
5 54 6
5 55 1
5 56 1
5 57 2
5 58 3
5 59 3
5 60 2
5 61 3
5 62 5
5 63 1
5 64 2
5 65 4
5 66 3
5 67 2
5 68 3
5 69 4
5 70 1
6 0 2
6 1 2
6 2 2
6 3 2
6 4 2
6 5 2
6 6 2
6 7 2
6 8 2
6 9 2
6 10 2
6 11 2
6 12 2
6 13 2
6 14 2
6 15 2
6 16 2
6 17 2
6 18 2
6 19 2
6 20 1
6 21 2
6 22 2
6 23 2
6 24 2
6 25 2
6 26 2
6 27 2
6 28 2
6 29 2
6 30 2
6 31 2
6 32 2
6 33 2
6 34 2
6 35 2
6 36 2
6 37 2
6 38 2
6 39 2
6 40 2
6 41 2
6 42 2
6 43 2
6 44 2
6 45 2
6 46 2
6 47 2
6 48 2
6 49 2
6 50 2
6 51 2
6 52 2
6 53 2
6 54 2
6 55 2
6 56 2
6 57 2
6 58 1
6 59 2
6 60 2
6 61 2
6 62 2
6 63 2
6 64 2
6 65 2
6 66 2
6 67 2
6 68 2
6 69 2
6 70 2
