5
5
37
2
17
4
[1, 1, 1, 2, 2, 3, 3, 3, 4, 4,
4, 4, 4, 3, 3, 3, 3]
[[1], [3], [7], [5, 1], [3, 2], [3, 2, 6], [6, 0, 6], [5, 1, 6], [5, 1, 4, 1], [6, 0, 4, 1],
[5, 2, 3, 1], [3, 4, 3, 1], [5, 3, 1, 2], [5, 3, 1], [3, 2, 2], [7, 0, 2], [5, 1, 2]]
[1, 2, 3, 3, 3, 5, 5, 5, 5, 5,
5, 5, 5, 4, 4, 4, 4]
[0, 1, 1, 1, 1, 1, 1, 1, 1, 1,
1, 1, 1, 1, 1, 1, 1]
[32, 32, 32, 32, 32, 32, 32, 32, 32, 32,
32, 32, 32, 32, 32, 32, 32, 32, 32, 32,
32, 32, 32, 32, 32, 32, 32, 32, 32, 32,
32, 32, 0, 0, 0, 0, 0]
32
32
elapsed: [120.021]
0 0 0 7
0 0 1 0
0 0 2 0
0 0 3 0
0 0 4 0
0 0 5 0
0 0 6 0
0 0 7 5
0 0 8 0
0 0 9 0
0 0 10 0
0 0 11 0
0 0 12 0
0 0 13 0
0 0 14 0
0 0 15 0
0 0 16 0
0 1 0 7
0 1 1 0
0 1 2 0
0 1 3 0
0 1 4 0
0 1 5 0
0 1 6 4
0 1 7 0
0 1 8 0
0 1 9 0
0 1 10 0
0 1 11 0
0 1 12 0
0 1 13 0
0 1 14 0
0 1 15 0
0 1 16 0
0 2 0 2
0 2 1 0
0 2 2 0
0 2 3 0
0 2 4 0
0 2 5 0
0 2 6 0
0 2 7 0
0 2 8 0
0 2 9 0
0 2 10 0
0 2 11 0
0 2 12 0
0 2 13 0
0 2 14 0
0 2 15 0
0 2 16 0
0 3 0 9
0 3 1 0
0 3 2 0
0 3 3 0
0 3 4 0
0 3 5 0
0 3 6 0
0 3 7 0
0 3 8 0
0 3 9 0
0 3 10 0
0 3 11 0
0 3 12 0
0 3 13 0
0 3 14 0
0 3 15 0
0 3 16 0
0 4 0 10
0 4 1 0
0 4 2 0
0 4 3 0
0 4 4 0
0 4 5 0
0 4 6 3
0 4 7 0
0 4 8 0
0 4 9 0
0 4 10 1
0 4 11 0
0 4 12 0
0 4 13 0
0 4 14 0
0 4 15 0
0 4 16 0
0 5 0 6
0 5 1 0
0 5 2 0
0 5 3 0
0 5 4 0
0 5 5 0
0 5 6 4
0 5 7 0
0 5 8 0
0 5 9 0
0 5 10 0
0 5 11 0
0 5 12 0
0 5 13 0
0 5 14 0
0 5 15 0
0 5 16 0
0 6 0 0
0 6 1 0
0 6 2 0
0 6 3 0
0 6 4 0
0 6 5 0
0 6 6 1
0 6 7 1
0 6 8 0
0 6 9 0
0 6 10 0
0 6 11 0
0 6 12 0
0 6 13 0
0 6 14 0
0 6 15 0
0 6 16 0
0 7 0 3
0 7 1 0
0 7 2 0
0 7 3 0
0 7 4 0
0 7 5 1
0 7 6 0
0 7 7 0
0 7 8 0
0 7 9 0
0 7 10 0
0 7 11 0
0 7 12 0
0 7 13 0
0 7 14 0
0 7 15 0
0 7 16 0
0 8 0 0
0 8 1 0
0 8 2 0
0 8 3 0
0 8 4 0
0 8 5 0
0 8 6 3
0 8 7 0
0 8 8 0
0 8 9 0
0 8 10 0
0 8 11 0
0 8 12 0
0 8 13 0
0 8 14 0
0 8 15 0
0 8 16 0
0 9 0 8
0 9 1 0
0 9 2 0
0 9 3 0
0 9 4 0
0 9 5 0
0 9 6 3
0 9 7 0
0 9 8 0
0 9 9 0
0 9 10 0
0 9 11 0
0 9 12 0
0 9 13 0
0 9 14 0
0 9 15 0
0 9 16 0
0 10 0 5
0 10 1 0
0 10 2 0
0 10 3 0
0 10 4 0
0 10 5 0
0 10 6 0
0 10 7 2
0 10 8 0
0 10 9 0
0 10 10 0
0 10 11 0
0 10 12 0
0 10 13 0
0 10 14 0
0 10 15 0
0 10 16 0
0 11 0 2
0 11 1 0
0 11 2 0
0 11 3 0
0 11 4 0
0 11 5 0
0 11 6 0
0 11 7 2
0 11 8 0
0 11 9 0
0 11 10 0
0 11 11 0
0 11 12 0
0 11 13 0
0 11 14 0
0 11 15 0
0 11 16 0
0 12 0 2
0 12 1 0
0 12 2 0
0 12 3 0
0 12 4 0
0 12 5 0
0 12 6 2
0 12 7 1
0 12 8 0
0 12 9 0
0 12 10 0
0 12 11 0
0 12 12 0
0 12 13 0
0 12 14 0
0 12 15 0
0 12 16 0
0 13 0 3
0 13 1 0
0 13 2 0
0 13 3 0
0 13 4 0
0 13 5 0
0 13 6 1
0 13 7 2
0 13 8 0
0 13 9 0
0 13 10 0
0 13 11 0
0 13 12 0
0 13 13 0
0 13 14 0
0 13 15 0
0 13 16 0
0 14 0 7
0 14 1 0
0 14 2 0
0 14 3 0
0 14 4 0
0 14 5 0
0 14 6 0
0 14 7 1
0 14 8 0
0 14 9 0
0 14 10 0
0 14 11 0
0 14 12 0
0 14 13 0
0 14 14 0
0 14 15 0
0 14 16 0
0 15 0 0
0 15 1 0
0 15 2 0
0 15 3 0
0 15 4 0
0 15 5 0
0 15 6 0
0 15 7 2
0 15 8 0
0 15 9 0
0 15 10 1
0 15 11 0
0 15 12 0
0 15 13 0
0 15 14 0
0 15 15 0
0 15 16 0
0 16 0 5
0 16 1 0
0 16 2 0
0 16 3 0
0 16 4 0
0 16 5 0
0 16 6 2
0 16 7 1
0 16 8 0
0 16 9 0
0 16 10 0
0 16 11 0
0 16 12 0
0 16 13 0
0 16 14 0
0 16 15 0
0 16 16 0
0 17 0 0
0 17 1 0
0 17 2 0
0 17 3 0
0 17 4 0
0 17 5 0
0 17 6 1
0 17 7 1
0 17 8 0
0 17 9 0
0 17 10 0
0 17 11 0
0 17 12 1
0 17 13 0
0 17 14 0
0 17 15 0
0 17 16 0
0 18 0 0
0 18 1 0
0 18 2 0
0 18 3 0
0 18 4 0
0 18 5 0
0 18 6 0
0 18 7 2
0 18 8 0
0 18 9 0
0 18 10 0
0 18 11 0
0 18 12 0
0 18 13 0
0 18 14 0
0 18 15 0
0 18 16 0
0 19 0 2
0 19 1 0
0 19 2 0
0 19 3 0
0 19 4 0
0 19 5 0
0 19 6 1
0 19 7 2
0 19 8 0
0 19 9 0
0 19 10 0
0 19 11 0
0 19 12 0
0 19 13 0
0 19 14 0
0 19 15 0
0 19 16 0
0 20 0 4
0 20 1 0
0 20 2 0
0 20 3 0
0 20 4 0
0 20 5 0
0 20 6 2
0 20 7 0
0 20 8 0
0 20 9 0
0 20 10 0
0 20 11 0
0 20 12 0
0 20 13 0
0 20 14 0
0 20 15 0
0 20 16 0
0 21 0 4
0 21 1 0
0 21 2 0
0 21 3 0
0 21 4 0
0 21 5 0
0 21 6 0
0 21 7 2
0 21 8 0
0 21 9 0
0 21 10 0
0 21 11 0
0 21 12 0
0 21 13 0
0 21 14 0
0 21 15 0
0 21 16 0
0 22 0 3
0 22 1 0
0 22 2 0
0 22 3 0
0 22 4 0
0 22 5 0
0 22 6 0
0 22 7 2
0 22 8 0
0 22 9 0
0 22 10 0
0 22 11 0
0 22 12 1
0 22 13 0
0 22 14 0
0 22 15 0
0 22 16 0
0 23 0 8
0 23 1 0
0 23 2 0
0 23 3 0
0 23 4 0
0 23 5 0
0 23 6 0
0 23 7 2
0 23 8 0
0 23 9 0
0 23 10 0
0 23 11 0
0 23 12 0
0 23 13 0
0 23 14 0
0 23 15 0
0 23 16 0
0 24 0 7
0 24 1 0
0 24 2 0
0 24 3 0
0 24 4 0
0 24 5 0
0 24 6 0
0 24 7 2
0 24 8 0
0 24 9 0
0 24 10 0
0 24 11 0
0 24 12 0
0 24 13 0
0 24 14 0
0 24 15 0
0 24 16 0
0 25 0 0
0 25 1 0
0 25 2 0
0 25 3 0
0 25 4 0
0 25 5 0
0 25 6 0
0 25 7 2
0 25 8 0
0 25 9 0
0 25 10 0
0 25 11 2
0 25 12 0
0 25 13 0
0 25 14 0
0 25 15 0
0 25 16 0
0 26 0 11
0 26 1 0
0 26 2 0
0 26 3 0
0 26 4 0
0 26 5 0
0 26 6 0
0 26 7 0
0 26 8 0
0 26 9 0
0 26 10 0
0 26 11 0
0 26 12 0
0 26 13 0
0 26 14 0
0 26 15 0
0 26 16 0
0 27 0 9
0 27 1 0
0 27 2 0
0 27 3 0
0 27 4 0
0 27 5 0
0 27 6 0
0 27 7 0
0 27 8 0
0 27 9 0
0 27 10 1
0 27 11 0
0 27 12 0
0 27 13 0
0 27 14 0
0 27 15 0
0 27 16 0
0 28 0 13
0 28 1 0
0 28 2 0
0 28 3 0
0 28 4 0
0 28 5 0
0 28 6 0
0 28 7 3
0 28 8 0
0 28 9 0
0 28 10 0
0 28 11 0
0 28 12 0
0 28 13 0
0 28 14 0
0 28 15 0
0 28 16 0
0 29 0 2
0 29 1 0
0 29 2 0
0 29 3 0
0 29 4 0
0 29 5 0
0 29 6 4
0 29 7 0
0 29 8 0
0 29 9 0
0 29 10 0
0 29 11 0
0 29 12 0
0 29 13 0
0 29 14 0
0 29 15 0
0 29 16 0
0 30 0 13
0 30 1 0
0 30 2 0
0 30 3 0
0 30 4 0
0 30 5 0
0 30 6 0
0 30 7 0
0 30 8 0
0 30 9 0
0 30 10 0
0 30 11 0
0 30 12 0
0 30 13 0
0 30 14 0
0 30 15 0
0 30 16 0
0 31 0 8
0 31 1 0
0 31 2 0
0 31 3 0
0 31 4 0
0 31 5 0
0 31 6 0
0 31 7 0
0 31 8 0
0 31 9 0
0 31 10 0
0 31 11 0
0 31 12 0
0 31 13 0
0 31 14 0
0 31 15 0
0 31 16 0
0 32 0 0
0 32 1 0
0 32 2 0
0 32 3 0
0 32 4 0
0 32 5 0
0 32 6 0
0 32 7 0
0 32 8 0
0 32 9 0
0 32 10 0
0 32 11 0
0 32 12 0
0 32 13 0
0 32 14 0
0 32 15 0
0 32 16 0
0 33 0 0
0 33 1 0
0 33 2 0
0 33 3 0
0 33 4 0
0 33 5 0
0 33 6 0
0 33 7 0
0 33 8 0
0 33 9 0
0 33 10 0
0 33 11 0
0 33 12 0
0 33 13 0
0 33 14 0
0 33 15 0
0 33 16 0
0 34 0 0
0 34 1 0
0 34 2 0
0 34 3 0
0 34 4 0
0 34 5 0
0 34 6 0
0 34 7 0
0 34 8 0
0 34 9 0
0 34 10 0
0 34 11 0
0 34 12 0
0 34 13 0
0 34 14 0
0 34 15 0
0 34 16 0
0 35 0 0
0 35 1 0
0 35 2 0
0 35 3 0
0 35 4 0
0 35 5 0
0 35 6 0
0 35 7 0
0 35 8 0
0 35 9 0
0 35 10 0
0 35 11 0
0 35 12 0
0 35 13 0
0 35 14 0
0 35 15 0
0 35 16 0
0 36 0 0
0 36 1 0
0 36 2 0
0 36 3 0
0 36 4 0
0 36 5 0
0 36 6 0
0 36 7 0
0 36 8 0
0 36 9 0
0 36 10 0
0 36 11 0
0 36 12 0
0 36 13 0
0 36 14 0
0 36 15 0
0 36 16 0
1 0 0 2
1 0 1 0
1 0 2 0
1 0 3 0
1 0 4 0
1 0 5 0
1 0 6 0
1 0 7 1
1 0 8 0
1 0 9 0
1 0 10 0
1 0 11 0
1 0 12 1
1 0 13 0
1 0 14 0
1 0 15 0
1 0 16 0
1 1 0 1
1 1 1 0
1 1 2 0
1 1 3 0
1 1 4 0
1 1 5 0
1 1 6 2
1 1 7 0
1 1 8 0
1 1 9 0
1 1 10 0
1 1 11 0
1 1 12 0
1 1 13 0
1 1 14 0
1 1 15 0
1 1 16 0
1 2 0 4
1 2 1 0
1 2 2 0
1 2 3 0
1 2 4 0
1 2 5 0
1 2 6 0
1 2 7 0
1 2 8 0
1 2 9 0
1 2 10 0
1 2 11 0
1 2 12 0
1 2 13 0
1 2 14 0
1 2 15 0
1 2 16 0
1 3 0 4
1 3 1 0
1 3 2 0
1 3 3 0
1 3 4 0
1 3 5 0
1 3 6 0
1 3 7 0
1 3 8 0
1 3 9 0
1 3 10 0
1 3 11 0
1 3 12 0
1 3 13 0
1 3 14 0
1 3 15 0
1 3 16 0
1 4 0 3
1 4 1 0
1 4 2 0
1 4 3 0
1 4 4 0
1 4 5 0
1 4 6 0
1 4 7 0
1 4 8 0
1 4 9 0
1 4 10 0
1 4 11 0
1 4 12 0
1 4 13 4
1 4 14 0
1 4 15 0
1 4 16 0
1 5 0 0
1 5 1 0
1 5 2 0
1 5 3 0
1 5 4 0
1 5 5 0
1 5 6 1
1 5 7 0
1 5 8 0
1 5 9 0
1 5 10 0
1 5 11 0
1 5 12 0
1 5 13 0
1 5 14 0
1 5 15 0
1 5 16 0
1 6 0 0
1 6 1 0
1 6 2 0
1 6 3 0
1 6 4 0
1 6 5 0
1 6 6 1
1 6 7 0
1 6 8 0
1 6 9 0
1 6 10 0
1 6 11 0
1 6 12 0
1 6 13 0
1 6 14 0
1 6 15 0
1 6 16 0
1 7 0 3
1 7 1 0
1 7 2 0
1 7 3 0
1 7 4 0
1 7 5 0
1 7 6 0
1 7 7 1
1 7 8 0
1 7 9 0
1 7 10 0
1 7 11 0
1 7 12 0
1 7 13 0
1 7 14 0
1 7 15 0
1 7 16 0
1 8 0 3
1 8 1 0
1 8 2 0
1 8 3 0
1 8 4 0
1 8 5 0
1 8 6 0
1 8 7 1
1 8 8 0
1 8 9 0
1 8 10 0
1 8 11 0
1 8 12 0
1 8 13 0
1 8 14 0
1 8 15 0
1 8 16 0
1 9 0 7
1 9 1 0
1 9 2 0
1 9 3 0
1 9 4 0
1 9 5 0
1 9 6 0
1 9 7 0
1 9 8 0
1 9 9 0
1 9 10 0
1 9 11 0
1 9 12 0
1 9 13 0
1 9 14 0
1 9 15 1
1 9 16 0
1 10 0 5
1 10 1 0
1 10 2 0
1 10 3 0
1 10 4 0
1 10 5 0
1 10 6 0
1 10 7 1
1 10 8 0
1 10 9 0
1 10 10 0
1 10 11 0
1 10 12 0
1 10 13 0
1 10 14 0
1 10 15 0
1 10 16 0
1 11 0 0
1 11 1 0
1 11 2 0
1 11 3 0
1 11 4 0
1 11 5 0
1 11 6 0
1 11 7 2
1 11 8 0
1 11 9 0
1 11 10 0
1 11 11 0
1 11 12 0
1 11 13 0
1 11 14 0
1 11 15 0
1 11 16 0
1 12 0 2
1 12 1 0
1 12 2 0
1 12 3 0
1 12 4 0
1 12 5 0
1 12 6 0
1 12 7 1
1 12 8 0
1 12 9 0
1 12 10 0
1 12 11 0
1 12 12 0
1 12 13 0
1 12 14 0
1 12 15 0
1 12 16 0
1 13 0 3
1 13 1 0
1 13 2 0
1 13 3 0
1 13 4 0
1 13 5 0
1 13 6 0
1 13 7 0
1 13 8 0
1 13 9 0
1 13 10 0
1 13 11 0
1 13 12 0
1 13 13 0
1 13 14 0
1 13 15 0
1 13 16 0
1 14 0 0
1 14 1 0
1 14 2 0
1 14 3 0
1 14 4 0
1 14 5 0
1 14 6 2
1 14 7 0
1 14 8 0
1 14 9 0
1 14 10 0
1 14 11 0
1 14 12 0
1 14 13 0
1 14 14 0
1 14 15 0
1 14 16 0
1 15 0 2
1 15 1 0
1 15 2 0
1 15 3 0
1 15 4 0
1 15 5 0
1 15 6 0
1 15 7 2
1 15 8 0
1 15 9 0
1 15 10 0
1 15 11 0
1 15 12 0
1 15 13 0
1 15 14 0
1 15 15 0
1 15 16 0
1 16 0 4
1 16 1 0
1 16 2 0
1 16 3 0
1 16 4 0
1 16 5 0
1 16 6 0
1 16 7 0
1 16 8 0
1 16 9 0
1 16 10 0
1 16 11 0
1 16 12 0
1 16 13 0
1 16 14 0
1 16 15 0
1 16 16 0
1 17 0 2
1 17 1 0
1 17 2 0
1 17 3 0
1 17 4 0
1 17 5 0
1 17 6 0
1 17 7 0
1 17 8 0
1 17 9 0
1 17 10 0
1 17 11 0
1 17 12 0
1 17 13 0
1 17 14 0
1 17 15 0
1 17 16 0
1 18 0 0
1 18 1 0
1 18 2 0
1 18 3 0
1 18 4 0
1 18 5 0
1 18 6 2
1 18 7 0
1 18 8 0
1 18 9 0
1 18 10 0
1 18 11 0
1 18 12 0
1 18 13 0
1 18 14 0
1 18 15 0
1 18 16 0
1 19 0 3
1 19 1 0
1 19 2 0
1 19 3 0
1 19 4 0
1 19 5 0
1 19 6 1
1 19 7 0
1 19 8 0
1 19 9 0
1 19 10 0
1 19 11 0
1 19 12 0
1 19 13 0
1 19 14 0
1 19 15 1
1 19 16 0
1 20 0 0
1 20 1 0
1 20 2 0
1 20 3 0
1 20 4 0
1 20 5 0
1 20 6 0
1 20 7 0
1 20 8 0
1 20 9 0
1 20 10 0
1 20 11 0
1 20 12 1
1 20 13 0
1 20 14 0
1 20 15 0
1 20 16 0
1 21 0 0
1 21 1 0
1 21 2 0
1 21 3 0
1 21 4 0
1 21 5 0
1 21 6 0
1 21 7 1
1 21 8 0
1 21 9 0
1 21 10 0
1 21 11 0
1 21 12 0
1 21 13 0
1 21 14 0
1 21 15 0
1 21 16 0
1 22 0 1
1 22 1 0
1 22 2 0
1 22 3 0
1 22 4 0
1 22 5 0
1 22 6 0
1 22 7 0
1 22 8 1
1 22 9 0
1 22 10 0
1 22 11 0
1 22 12 0
1 22 13 0
1 22 14 0
1 22 15 1
1 22 16 0
1 23 0 1
1 23 1 0
1 23 2 0
1 23 3 0
1 23 4 0
1 23 5 0
1 23 6 0
1 23 7 0
1 23 8 0
1 23 9 0
1 23 10 0
1 23 11 0
1 23 12 2
1 23 13 0
1 23 14 0
1 23 15 0
1 23 16 0
1 24 0 1
1 24 1 0
1 24 2 0
1 24 3 0
1 24 4 0
1 24 5 0
1 24 6 0
1 24 7 1
1 24 8 0
1 24 9 0
1 24 10 0
1 24 11 0
1 24 12 0
1 24 13 0
1 24 14 0
1 24 15 0
1 24 16 0
1 25 0 3
1 25 1 0
1 25 2 0
1 25 3 0
1 25 4 0
1 25 5 0
1 25 6 1
1 25 7 0
1 25 8 0
1 25 9 0
1 25 10 0
1 25 11 0
1 25 12 0
1 25 13 0
1 25 14 0
1 25 15 0
1 25 16 0
1 26 0 0
1 26 1 0
1 26 2 0
1 26 3 0
1 26 4 0
1 26 5 0
1 26 6 2
1 26 7 0
1 26 8 0
1 26 9 0
1 26 10 0
1 26 11 0
1 26 12 0
1 26 13 0
1 26 14 0
1 26 15 0
1 26 16 0
1 27 0 7
1 27 1 0
1 27 2 0
1 27 3 0
1 27 4 0
1 27 5 0
1 27 6 0
1 27 7 1
1 27 8 0
1 27 9 0
1 27 10 0
1 27 11 0
1 27 12 0
1 27 13 0
1 27 14 0
1 27 15 0
1 27 16 0
1 28 0 0
1 28 1 0
1 28 2 0
1 28 3 0
1 28 4 0
1 28 5 0
1 28 6 0
1 28 7 2
1 28 8 0
1 28 9 0
1 28 10 0
1 28 11 0
1 28 12 0
1 28 13 0
1 28 14 0
1 28 15 0
1 28 16 0
1 29 0 1
1 29 1 0
1 29 2 0
1 29 3 0
1 29 4 0
1 29 5 0
1 29 6 0
1 29 7 1
1 29 8 0
1 29 9 0
1 29 10 0
1 29 11 0
1 29 12 0
1 29 13 0
1 29 14 0
1 29 15 0
1 29 16 0
1 30 0 2
1 30 1 0
1 30 2 0
1 30 3 0
1 30 4 0
1 30 5 0
1 30 6 1
1 30 7 0
1 30 8 0
1 30 9 0
1 30 10 0
1 30 11 0
1 30 12 0
1 30 13 0
1 30 14 0
1 30 15 0
1 30 16 0
1 31 0 10
1 31 1 0
1 31 2 0
1 31 3 0
1 31 4 0
1 31 5 0
1 31 6 0
1 31 7 0
1 31 8 0
1 31 9 0
1 31 10 0
1 31 11 0
1 31 12 0
1 31 13 0
1 31 14 0
1 31 15 0
1 31 16 0
1 32 0 2
1 32 1 0
1 32 2 0
1 32 3 0
1 32 4 0
1 32 5 0
1 32 6 0
1 32 7 0
1 32 8 0
1 32 9 0
1 32 10 0
1 32 11 0
1 32 12 0
1 32 13 0
1 32 14 0
1 32 15 0
1 32 16 0
1 33 0 5
1 33 1 0
1 33 2 0
1 33 3 0
1 33 4 0
1 33 5 0
1 33 6 0
1 33 7 0
1 33 8 0
1 33 9 0
1 33 10 0
1 33 11 0
1 33 12 0
1 33 13 0
1 33 14 0
1 33 15 0
1 33 16 0
1 34 0 0
1 34 1 0
1 34 2 0
1 34 3 0
1 34 4 0
1 34 5 0
1 34 6 0
1 34 7 0
1 34 8 0
1 34 9 0
1 34 10 0
1 34 11 0
1 34 12 0
1 34 13 0
1 34 14 0
1 34 15 0
1 34 16 0
1 35 0 0
1 35 1 0
1 35 2 0
1 35 3 0
1 35 4 0
1 35 5 0
1 35 6 0
1 35 7 0
1 35 8 0
1 35 9 0
1 35 10 0
1 35 11 0
1 35 12 0
1 35 13 0
1 35 14 0
1 35 15 0
1 35 16 0
1 36 0 0
1 36 1 0
1 36 2 0
1 36 3 0
1 36 4 0
1 36 5 0
1 36 6 0
1 36 7 0
1 36 8 0
1 36 9 0
1 36 10 0
1 36 11 0
1 36 12 0
1 36 13 0
1 36 14 0
1 36 15 0
1 36 16 0
2 0 0 1
2 0 1 0
2 0 2 0
2 0 3 0
2 0 4 0
2 0 5 0
2 0 6 0
2 0 7 0
2 0 8 0
2 0 9 0
2 0 10 0
2 0 11 1
2 0 12 0
2 0 13 0
2 0 14 0
2 0 15 0
2 0 16 0
2 1 0 1
2 1 1 0
2 1 2 0
2 1 3 0
2 1 4 0
2 1 5 0
2 1 6 0
2 1 7 0
2 1 8 0
2 1 9 0
2 1 10 0
2 1 11 0
2 1 12 0
2 1 13 0
2 1 14 0
2 1 15 0
2 1 16 0
2 2 0 2
2 2 1 0
2 2 2 0
2 2 3 0
2 2 4 0
2 2 5 0
2 2 6 0
2 2 7 0
2 2 8 0
2 2 9 0
2 2 10 0
2 2 11 0
2 2 12 0
2 2 13 0
2 2 14 1
2 2 15 0
2 2 16 0
2 3 0 0
2 3 1 0
2 3 2 0
2 3 3 0
2 3 4 0
2 3 5 0
2 3 6 0
2 3 7 1
2 3 8 0
2 3 9 0
2 3 10 0
2 3 11 0
2 3 12 0
2 3 13 0
2 3 14 0
2 3 15 0
2 3 16 0
2 4 0 3
2 4 1 0
2 4 2 0
2 4 3 0
2 4 4 0
2 4 5 0
2 4 6 0
2 4 7 1
2 4 8 0
2 4 9 0
2 4 10 0
2 4 11 0
2 4 12 0
2 4 13 0
2 4 14 0
2 4 15 0
2 4 16 0
2 5 0 0
2 5 1 0
2 5 2 0
2 5 3 0
2 5 4 0
2 5 5 0
2 5 6 0
2 5 7 0
2 5 8 0
2 5 9 0
2 5 10 0
2 5 11 0
2 5 12 0
2 5 13 0
2 5 14 0
2 5 15 0
2 5 16 0
2 6 0 0
2 6 1 0
2 6 2 0
2 6 3 0
2 6 4 0
2 6 5 0
2 6 6 0
2 6 7 0
2 6 8 0
2 6 9 0
2 6 10 0
2 6 11 0
2 6 12 0
2 6 13 0
2 6 14 0
2 6 15 0
2 6 16 0
2 7 0 0
2 7 1 0
2 7 2 0
2 7 3 0
2 7 4 0
2 7 5 0
2 7 6 0
2 7 7 0
2 7 8 0
2 7 9 0
2 7 10 0
2 7 11 0
2 7 12 2
2 7 13 0
2 7 14 0
2 7 15 0
2 7 16 0
2 8 0 1
2 8 1 0
2 8 2 0
2 8 3 0
2 8 4 0
2 8 5 0
2 8 6 0
2 8 7 0
2 8 8 0
2 8 9 0
2 8 10 0
2 8 11 0
2 8 12 0
2 8 13 0
2 8 14 0
2 8 15 0
2 8 16 0
2 9 0 0
2 9 1 0
2 9 2 0
2 9 3 0
2 9 4 0
2 9 5 0
2 9 6 0
2 9 7 1
2 9 8 0
2 9 9 0
2 9 10 0
2 9 11 0
2 9 12 1
2 9 13 0
2 9 14 0
2 9 15 0
2 9 16 0
2 10 0 2
2 10 1 0
2 10 2 0
2 10 3 0
2 10 4 0
2 10 5 0
2 10 6 0
2 10 7 0
2 10 8 0
2 10 9 0
2 10 10 0
2 10 11 0
2 10 12 0
2 10 13 0
2 10 14 0
2 10 15 0
2 10 16 0
2 11 0 0
2 11 1 0
2 11 2 0
2 11 3 0
2 11 4 0
2 11 5 0
2 11 6 0
2 11 7 0
2 11 8 0
2 11 9 0
2 11 10 0
2 11 11 0
2 11 12 0
2 11 13 0
2 11 14 0
2 11 15 0
2 11 16 0
2 12 0 0
2 12 1 0
2 12 2 0
2 12 3 0
2 12 4 0
2 12 5 0
2 12 6 1
2 12 7 0
2 12 8 0
2 12 9 0
2 12 10 0
2 12 11 0
2 12 12 0
2 12 13 0
2 12 14 0
2 12 15 0
2 12 16 0
2 13 0 0
2 13 1 0
2 13 2 0
2 13 3 0
2 13 4 0
2 13 5 0
2 13 6 0
2 13 7 0
2 13 8 0
2 13 9 0
2 13 10 0
2 13 11 0
2 13 12 0
2 13 13 0
2 13 14 0
2 13 15 1
2 13 16 0
2 14 0 0
2 14 1 0
2 14 2 0
2 14 3 0
2 14 4 0
2 14 5 0
2 14 6 0
2 14 7 0
2 14 8 0
2 14 9 0
2 14 10 0
2 14 11 0
2 14 12 0
2 14 13 0
2 14 14 0
2 14 15 0
2 14 16 0
2 15 0 0
2 15 1 0
2 15 2 1
2 15 3 0
2 15 4 0
2 15 5 0
2 15 6 0
2 15 7 0
2 15 8 0
2 15 9 0
2 15 10 0
2 15 11 0
2 15 12 0
2 15 13 0
2 15 14 0
2 15 15 0
2 15 16 0
2 16 0 2
2 16 1 0
2 16 2 0
2 16 3 0
2 16 4 0
2 16 5 0
2 16 6 0
2 16 7 0
2 16 8 0
2 16 9 0
2 16 10 0
2 16 11 0
2 16 12 0
2 16 13 0
2 16 14 0
2 16 15 1
2 16 16 0
2 17 0 0
2 17 1 0
2 17 2 0
2 17 3 0
2 17 4 0
2 17 5 0
2 17 6 0
2 17 7 0
2 17 8 0
2 17 9 0
2 17 10 0
2 17 11 0
2 17 12 0
2 17 13 0
2 17 14 0
2 17 15 1
2 17 16 0
2 18 0 4
2 18 1 0
2 18 2 0
2 18 3 0
2 18 4 0
2 18 5 0
2 18 6 0
2 18 7 0
2 18 8 0
2 18 9 0
2 18 10 0
2 18 11 0
2 18 12 0
2 18 13 0
2 18 14 0
2 18 15 0
2 18 16 0
2 19 0 2
2 19 1 0
2 19 2 0
2 19 3 0
2 19 4 0
2 19 5 0
2 19 6 0
2 19 7 1
2 19 8 0
2 19 9 0
2 19 10 0
2 19 11 0
2 19 12 0
2 19 13 0
2 19 14 0
2 19 15 0
2 19 16 0
2 20 0 0
2 20 1 0
2 20 2 0
2 20 3 0
2 20 4 0
2 20 5 0
2 20 6 0
2 20 7 0
2 20 8 0
2 20 9 1
2 20 10 0
2 20 11 0
2 20 12 0
2 20 13 0
2 20 14 0
2 20 15 0
2 20 16 0
2 21 0 0
2 21 1 0
2 21 2 0
2 21 3 0
2 21 4 0
2 21 5 0
2 21 6 0
2 21 7 0
2 21 8 0
2 21 9 0
2 21 10 0
2 21 11 0
2 21 12 0
2 21 13 0
2 21 14 0
2 21 15 0
2 21 16 0
2 22 0 0
2 22 1 0
2 22 2 0
2 22 3 0
2 22 4 0
2 22 5 0
2 22 6 0
2 22 7 0
2 22 8 0
2 22 9 0
2 22 10 0
2 22 11 0
2 22 12 0
2 22 13 1
2 22 14 0
2 22 15 0
2 22 16 0
2 23 0 4
2 23 1 0
2 23 2 0
2 23 3 0
2 23 4 0
2 23 5 0
2 23 6 0
2 23 7 0
2 23 8 0
2 23 9 0
2 23 10 0
2 23 11 0
2 23 12 0
2 23 13 0
2 23 14 0
2 23 15 0
2 23 16 0
2 24 0 0
2 24 1 0
2 24 2 0
2 24 3 0
2 24 4 0
2 24 5 0
2 24 6 0
2 24 7 0
2 24 8 0
2 24 9 0
2 24 10 0
2 24 11 0
2 24 12 0
2 24 13 0
2 24 14 0
2 24 15 1
2 24 16 0
2 25 0 0
2 25 1 0
2 25 2 0
2 25 3 0
2 25 4 0
2 25 5 0
2 25 6 0
2 25 7 2
2 25 8 0
2 25 9 0
2 25 10 0
2 25 11 0
2 25 12 0
2 25 13 0
2 25 14 0
2 25 15 0
2 25 16 0
2 26 0 3
2 26 1 0
2 26 2 0
2 26 3 0
2 26 4 0
2 26 5 0
2 26 6 0
2 26 7 0
2 26 8 0
2 26 9 0
2 26 10 0
2 26 11 0
2 26 12 0
2 26 13 0
2 26 14 0
2 26 15 0
2 26 16 0
2 27 0 2
2 27 1 0
2 27 2 0
2 27 3 0
2 27 4 0
2 27 5 0
2 27 6 0
2 27 7 0
2 27 8 0
2 27 9 0
2 27 10 0
2 27 11 0
2 27 12 0
2 27 13 0
2 27 14 0
2 27 15 0
2 27 16 0
2 28 0 0
2 28 1 0
2 28 2 0
2 28 3 0
2 28 4 0
2 28 5 0
2 28 6 0
2 28 7 0
2 28 8 0
2 28 9 0
2 28 10 0
2 28 11 0
2 28 12 0
2 28 13 0
2 28 14 0
2 28 15 1
2 28 16 0
2 29 0 2
2 29 1 0
2 29 2 0
2 29 3 0
2 29 4 0
2 29 5 0
2 29 6 1
2 29 7 0
2 29 8 0
2 29 9 0
2 29 10 0
2 29 11 0
2 29 12 0
2 29 13 0
2 29 14 0
2 29 15 0
2 29 16 0
2 30 0 0
2 30 1 0
2 30 2 1
2 30 3 0
2 30 4 0
2 30 5 0
2 30 6 0
2 30 7 0
2 30 8 0
2 30 9 0
2 30 10 0
2 30 11 0
2 30 12 0
2 30 13 0
2 30 14 0
2 30 15 0
2 30 16 0
2 31 0 1
2 31 1 0
2 31 2 0
2 31 3 0
2 31 4 0
2 31 5 0
2 31 6 0
2 31 7 0
2 31 8 1
2 31 9 0
2 31 10 0
2 31 11 1
2 31 12 0
2 31 13 0
2 31 14 0
2 31 15 0
2 31 16 0
2 32 0 1
2 32 1 0
2 32 2 0
2 32 3 0
2 32 4 0
2 32 5 0
2 32 6 0
2 32 7 0
2 32 8 0
2 32 9 0
2 32 10 0
2 32 11 0
2 32 12 0
2 32 13 0
2 32 14 0
2 32 15 0
2 32 16 0
2 33 0 0
2 33 1 0
2 33 2 0
2 33 3 0
2 33 4 0
2 33 5 0
2 33 6 0
2 33 7 0
2 33 8 0
2 33 9 0
2 33 10 0
2 33 11 0
2 33 12 0
2 33 13 0
2 33 14 0
2 33 15 0
2 33 16 0
2 34 0 0
2 34 1 0
2 34 2 0
2 34 3 0
2 34 4 0
2 34 5 0
2 34 6 0
2 34 7 0
2 34 8 0
2 34 9 0
2 34 10 0
2 34 11 0
2 34 12 0
2 34 13 0
2 34 14 0
2 34 15 0
2 34 16 0
2 35 0 0
2 35 1 0
2 35 2 0
2 35 3 0
2 35 4 0
2 35 5 0
2 35 6 0
2 35 7 0
2 35 8 0
2 35 9 0
2 35 10 0
2 35 11 0
2 35 12 0
2 35 13 0
2 35 14 0
2 35 15 0
2 35 16 0
2 36 0 0
2 36 1 0
2 36 2 0
2 36 3 0
2 36 4 0
2 36 5 0
2 36 6 0
2 36 7 0
2 36 8 0
2 36 9 0
2 36 10 0
2 36 11 0
2 36 12 0
2 36 13 0
2 36 14 0
2 36 15 0
2 36 16 0
3 0 0 2
3 0 1 0
3 0 2 0
3 0 3 0
3 0 4 0
3 0 5 0
3 0 6 0
3 0 7 0
3 0 8 0
3 0 9 0
3 0 10 0
3 0 11 0
3 0 12 0
3 0 13 0
3 0 14 0
3 0 15 0
3 0 16 0
3 1 0 2
3 1 1 0
3 1 2 0
3 1 3 0
3 1 4 0
3 1 5 0
3 1 6 0
3 1 7 0
3 1 8 0
3 1 9 0
3 1 10 0
3 1 11 0
3 1 12 0
3 1 13 0
3 1 14 0
3 1 15 0
3 1 16 0
3 2 0 1
3 2 1 0
3 2 2 0
3 2 3 0
3 2 4 0
3 2 5 1
3 2 6 0
3 2 7 0
3 2 8 0
3 2 9 0
3 2 10 0
3 2 11 0
3 2 12 0
3 2 13 0
3 2 14 0
3 2 15 0
3 2 16 0
3 3 0 1
3 3 1 0
3 3 2 0
3 3 3 0
3 3 4 0
3 3 5 0
3 3 6 0
3 3 7 0
3 3 8 0
3 3 9 0
3 3 10 0
3 3 11 0
3 3 12 0
3 3 13 0
3 3 14 0
3 3 15 0
3 3 16 0
3 4 0 1
3 4 1 0
3 4 2 0
3 4 3 0
3 4 4 0
3 4 5 0
3 4 6 0
3 4 7 0
3 4 8 0
3 4 9 0
3 4 10 0
3 4 11 0
3 4 12 0
3 4 13 0
3 4 14 0
3 4 15 0
3 4 16 0
3 5 0 0
3 5 1 0
3 5 2 0
3 5 3 0
3 5 4 1
3 5 5 0
3 5 6 0
3 5 7 0
3 5 8 0
3 5 9 0
3 5 10 0
3 5 11 0
3 5 12 0
3 5 13 0
3 5 14 0
3 5 15 0
3 5 16 0
3 6 0 0
3 6 1 0
3 6 2 0
3 6 3 0
3 6 4 0
3 6 5 0
3 6 6 0
3 6 7 0
3 6 8 0
3 6 9 0
3 6 10 0
3 6 11 0
3 6 12 0
3 6 13 0
3 6 14 0
3 6 15 0
3 6 16 0
3 7 0 0
3 7 1 0
3 7 2 0
3 7 3 0
3 7 4 0
3 7 5 0
3 7 6 0
3 7 7 0
3 7 8 0
3 7 9 0
3 7 10 0
3 7 11 0
3 7 12 0
3 7 13 0
3 7 14 0
3 7 15 0
3 7 16 1
3 8 0 0
3 8 1 0
3 8 2 0
3 8 3 0
3 8 4 0
3 8 5 1
3 8 6 0
3 8 7 0
3 8 8 0
3 8 9 0
3 8 10 0
3 8 11 0
3 8 12 0
3 8 13 0
3 8 14 0
3 8 15 0
3 8 16 0
3 9 0 0
3 9 1 0
3 9 2 0
3 9 3 0
3 9 4 0
3 9 5 0
3 9 6 0
3 9 7 0
3 9 8 0
3 9 9 0
3 9 10 0
3 9 11 0
3 9 12 0
3 9 13 0
3 9 14 0
3 9 15 0
3 9 16 0
3 10 0 0
3 10 1 0
3 10 2 0
3 10 3 0
3 10 4 0
3 10 5 0
3 10 6 0
3 10 7 0
3 10 8 0
3 10 9 0
3 10 10 0
3 10 11 0
3 10 12 0
3 10 13 0
3 10 14 0
3 10 15 0
3 10 16 0
3 11 0 0
3 11 1 0
3 11 2 0
3 11 3 0
3 11 4 0
3 11 5 0
3 11 6 0
3 11 7 0
3 11 8 0
3 11 9 0
3 11 10 0
3 11 11 0
3 11 12 1
3 11 13 0
3 11 14 0
3 11 15 0
3 11 16 0
3 12 0 0
3 12 1 0
3 12 2 0
3 12 3 0
3 12 4 0
3 12 5 0
3 12 6 0
3 12 7 0
3 12 8 0
3 12 9 0
3 12 10 0
3 12 11 0
3 12 12 0
3 12 13 0
3 12 14 0
3 12 15 0
3 12 16 0
3 13 0 0
3 13 1 1
3 13 2 0
3 13 3 0
3 13 4 0
3 13 5 0
3 13 6 0
3 13 7 0
3 13 8 0
3 13 9 0
3 13 10 0
3 13 11 0
3 13 12 0
3 13 13 0
3 13 14 0
3 13 15 0
3 13 16 0
3 14 0 0
3 14 1 0
3 14 2 0
3 14 3 0
3 14 4 0
3 14 5 0
3 14 6 0
3 14 7 0
3 14 8 0
3 14 9 0
3 14 10 0
3 14 11 0
3 14 12 0
3 14 13 0
3 14 14 0
3 14 15 0
3 14 16 0
3 15 0 0
3 15 1 0
3 15 2 0
3 15 3 0
3 15 4 0
3 15 5 0
3 15 6 0
3 15 7 0
3 15 8 0
3 15 9 0
3 15 10 0
3 15 11 0
3 15 12 0
3 15 13 0
3 15 14 0
3 15 15 0
3 15 16 1
3 16 0 0
3 16 1 0
3 16 2 0
3 16 3 0
3 16 4 0
3 16 5 0
3 16 6 0
3 16 7 1
3 16 8 0
3 16 9 0
3 16 10 0
3 16 11 0
3 16 12 0
3 16 13 0
3 16 14 0
3 16 15 0
3 16 16 0
3 17 0 0
3 17 1 0
3 17 2 0
3 17 3 0
3 17 4 0
3 17 5 0
3 17 6 0
3 17 7 0
3 17 8 0
3 17 9 0
3 17 10 0
3 17 11 0
3 17 12 0
3 17 13 0
3 17 14 0
3 17 15 0
3 17 16 0
3 18 0 0
3 18 1 0
3 18 2 0
3 18 3 0
3 18 4 0
3 18 5 0
3 18 6 0
3 18 7 0
3 18 8 0
3 18 9 0
3 18 10 0
3 18 11 0
3 18 12 0
3 18 13 0
3 18 14 0
3 18 15 0
3 18 16 0
3 19 0 0
3 19 1 0
3 19 2 0
3 19 3 0
3 19 4 0
3 19 5 0
3 19 6 0
3 19 7 0
3 19 8 0
3 19 9 0
3 19 10 0
3 19 11 0
3 19 12 1
3 19 13 0
3 19 14 0
3 19 15 0
3 19 16 0
3 20 0 0
3 20 1 0
3 20 2 0
3 20 3 0
3 20 4 0
3 20 5 0
3 20 6 0
3 20 7 0
3 20 8 0
3 20 9 0
3 20 10 0
3 20 11 0
3 20 12 0
3 20 13 0
3 20 14 0
3 20 15 0
3 20 16 0
3 21 0 1
3 21 1 0
3 21 2 0
3 21 3 0
3 21 4 0
3 21 5 0
3 21 6 0
3 21 7 0
3 21 8 0
3 21 9 0
3 21 10 0
3 21 11 0
3 21 12 0
3 21 13 0
3 21 14 0
3 21 15 0
3 21 16 0
3 22 0 1
3 22 1 0
3 22 2 0
3 22 3 0
3 22 4 0
3 22 5 0
3 22 6 0
3 22 7 0
3 22 8 0
3 22 9 0
3 22 10 0
3 22 11 0
3 22 12 0
3 22 13 0
3 22 14 0
3 22 15 0
3 22 16 0
3 23 0 0
3 23 1 0
3 23 2 0
3 23 3 0
3 23 4 0
3 23 5 0
3 23 6 0
3 23 7 0
3 23 8 0
3 23 9 0
3 23 10 0
3 23 11 0
3 23 12 0
3 23 13 0
3 23 14 0
3 23 15 1
3 23 16 0
3 24 0 0
3 24 1 0
3 24 2 0
3 24 3 0
3 24 4 0
3 24 5 1
3 24 6 0
3 24 7 0
3 24 8 0
3 24 9 0
3 24 10 0
3 24 11 0
3 24 12 0
3 24 13 0
3 24 14 0
3 24 15 0
3 24 16 0
3 25 0 0
3 25 1 0
3 25 2 0
3 25 3 0
3 25 4 0
3 25 5 0
3 25 6 0
3 25 7 0
3 25 8 0
3 25 9 0
3 25 10 0
3 25 11 0
3 25 12 0
3 25 13 0
3 25 14 0
3 25 15 0
3 25 16 0
3 26 0 0
3 26 1 0
3 26 2 0
3 26 3 0
3 26 4 0
3 26 5 0
3 26 6 0
3 26 7 0
3 26 8 0
3 26 9 0
3 26 10 0
3 26 11 0
3 26 12 0
3 26 13 0
3 26 14 0
3 26 15 0
3 26 16 0
3 27 0 0
3 27 1 0
3 27 2 0
3 27 3 0
3 27 4 0
3 27 5 0
3 27 6 0
3 27 7 0
3 27 8 0
3 27 9 0
3 27 10 0
3 27 11 0
3 27 12 1
3 27 13 0
3 27 14 0
3 27 15 0
3 27 16 0
3 28 0 0
3 28 1 0
3 28 2 0
3 28 3 0
3 28 4 0
3 28 5 0
3 28 6 0
3 28 7 0
3 28 8 0
3 28 9 0
3 28 10 0
3 28 11 0
3 28 12 0
3 28 13 0
3 28 14 0
3 28 15 0
3 28 16 0
3 29 0 0
3 29 1 0
3 29 2 0
3 29 3 0
3 29 4 0
3 29 5 0
3 29 6 0
3 29 7 1
3 29 8 0
3 29 9 0
3 29 10 0
3 29 11 0
3 29 12 0
3 29 13 0
3 29 14 0
3 29 15 0
3 29 16 0
3 30 0 0
3 30 1 0
3 30 2 0
3 30 3 0
3 30 4 0
3 30 5 0
3 30 6 0
3 30 7 0
3 30 8 0
3 30 9 0
3 30 10 0
3 30 11 0
3 30 12 0
3 30 13 0
3 30 14 0
3 30 15 0
3 30 16 0
3 31 0 0
3 31 1 0
3 31 2 0
3 31 3 0
3 31 4 0
3 31 5 0
3 31 6 0
3 31 7 0
3 31 8 0
3 31 9 0
3 31 10 0
3 31 11 0
3 31 12 0
3 31 13 0
3 31 14 0
3 31 15 0
3 31 16 0
3 32 0 0
3 32 1 0
3 32 2 0
3 32 3 0
3 32 4 0
3 32 5 0
3 32 6 0
3 32 7 0
3 32 8 0
3 32 9 0
3 32 10 0
3 32 11 0
3 32 12 1
3 32 13 0
3 32 14 0
3 32 15 0
3 32 16 0
3 33 0 0
3 33 1 0
3 33 2 0
3 33 3 0
3 33 4 0
3 33 5 0
3 33 6 0
3 33 7 0
3 33 8 0
3 33 9 0
3 33 10 0
3 33 11 0
3 33 12 0
3 33 13 0
3 33 14 0
3 33 15 0
3 33 16 0
3 34 0 1
3 34 1 0
3 34 2 0
3 34 3 0
3 34 4 0
3 34 5 0
3 34 6 0
3 34 7 0
3 34 8 0
3 34 9 0
3 34 10 0
3 34 11 0
3 34 12 0
3 34 13 0
3 34 14 0
3 34 15 0
3 34 16 0
3 35 0 1
3 35 1 0
3 35 2 0
3 35 3 0
3 35 4 0
3 35 5 0
3 35 6 0
3 35 7 0
3 35 8 0
3 35 9 0
3 35 10 0
3 35 11 0
3 35 12 0
3 35 13 0
3 35 14 0
3 35 15 0
3 35 16 0
3 36 0 1
3 36 1 0
3 36 2 0
3 36 3 0
3 36 4 0
3 36 5 0
3 36 6 0
3 36 7 0
3 36 8 0
3 36 9 0
3 36 10 0
3 36 11 0
3 36 12 0
3 36 13 0
3 36 14 0
3 36 15 0
3 36 16 0
0 0 32
0 1 32
0 2 32
0 3 32
0 4 32
0 5 32
0 6 32
0 7 32
0 8 32
0 9 32
0 10 32
0 11 32
0 12 32
0 13 32
0 14 32
0 15 32
0 16 32
0 17 32
0 18 32
0 19 32
0 20 32
0 21 32
0 22 32
0 23 32
0 24 32
0 25 32
0 26 32
0 27 32
0 28 32
0 29 32
0 30 32
0 31 32
0 32 0
0 33 0
0 34 0
0 35 0
0 36 0
1 0 12
1 1 16
1 2 11
1 3 18
1 4 23
1 5 18
1 6 10
1 7 14
1 8 14
1 9 21
1 10 16
1 11 13
1 12 15
1 13 16
1 14 18
1 15 12
1 16 18
1 17 13
1 18 12
1 19 16
1 20 17
1 21 16
1 22 15
1 23 20
1 24 18
1 25 13
1 26 22
1 27 18
1 28 23
1 29 14
1 30 21
1 31 16
1 32 7
1 33 4
1 34 0
1 35 0
1 36 0
2 0 4
2 1 5
2 2 8
2 3 8
2 4 11
2 5 7
2 6 6
2 7 10
2 8 7
2 9 12
2 10 10
2 11 6
2 12 8
2 13 7
2 14 6
2 15 9
2 16 9
2 17 6
2 18 6
2 19 9
2 20 5
2 21 6
2 22 9
2 23 8
2 24 8
2 25 10
2 26 7
2 27 14
2 28 7
2 29 8
2 30 9
2 31 15
2 32 6
2 33 7
2 34 1
2 35 0
2 36 0
3 0 2
3 1 2
3 2 4
3 3 3
3 4 7
3 5 3
3 6 2
3 7 4
3 8 4
3 9 4
3 10 6
3 11 4
3 12 3
3 13 4
3 14 2
3 15 3
3 16 6
3 17 3
3 18 6
3 19 5
3 20 3
3 21 2
3 22 3
3 23 7
3 24 3
3 25 4
3 26 6
3 27 5
3 28 3
3 29 6
3 30 3
3 31 6
3 32 5
3 33 3
3 34 2
3 35 2
3 36 0
4 0 2
4 1 2
4 2 2
4 3 2
4 4 2
4 5 2
4 6 2
4 7 2
4 8 2
4 9 2
4 10 2
4 11 2
4 12 2
4 13 2
4 14 2
4 15 2
4 16 2
4 17 2
4 18 2
4 19 2
4 20 2
4 21 2
4 22 2
4 23 2
4 24 2
4 25 2
4 26 2
4 27 2
4 28 2
4 29 2
4 30 2
4 31 2
4 32 2
4 33 2
4 34 2
4 35 2
4 36 2
